# File generated by VASP contains Coulomb matrix elements
# V_ijkl = [ij|kl] = < ik|jl> = \int \phi*_i(r1) \phi_j(r1) \phi*_k(r2) \phi_l(r2) / |r1-r2|
#  I   J   K   L          RE(V_IJKL)          IM(V_IJKL)
   1   1   1   1        5.0526875083       -0.0000000000
   2   1   1   1        0.0283782470        0.0000000006
   1   2   1   1        0.0283782470       -0.0000000006
   2   2   1   1        2.1064528186        0.0000000000
   1   1   2   1        0.0283782470       -0.0000000006
   2   1   2   1        0.0074894683        0.0000000000
   1   2   2   1        0.0074894683       -0.0000000000
   2   2   2   1        0.0283782470        0.0000000006
   1   1   1   2        0.0283782470        0.0000000006
   2   1   1   2        0.0074894683        0.0000000000
   1   2   1   2        0.0074894683       -0.0000000000
   2   2   1   2        0.0283782470       -0.0000000006
   1   1   2   2        2.1064528186       -0.0000000000
   2   1   2   2        0.0283782470       -0.0000000006
   1   2   2   2        0.0283782470        0.0000000006
   2   2   2   2        5.0526875084        0.0000000000
