   1   1   1   1        0.8196169661       -0.0000000000
   2   1   1   1        0.0036431096        0.0001942117
   1   2   1   1        0.0036431015       -0.0001943632
   2   2   1   1        0.2752452428       -0.0000000000
   1   1   2   1        0.0036431096       -0.0001942117
   2   1   2   1        0.0029010743        0.0000000000
   1   2   2   1        0.0028846181       -0.0003085626
   2   2   2   1        0.0036431088       -0.0001942250
   1   1   1   2        0.0036431016        0.0001943632
   2   1   1   2        0.0028846181        0.0003085626
   1   2   1   2        0.0029010743       -0.0000000000
   2   2   1   2        0.0036431008        0.0001943765
   1   1   2   2        0.2752452428        0.0000000000
   2   1   2   2        0.0036431088        0.0001942250
   1   2   2   2        0.0036431008       -0.0001943765
   2   2   2   2        0.8196169661       -0.0000000000
