# File generated by VASP contains Coulomb matrix elements
# V_ijkl = <ij|kl> 
#  I   J   K   L          RE(V_IJKL)          IM(V_IJKL)
   1   1   1   1        5.0344445128       -0.0000000000
   2   1   1   1        0.0284066167        0.0015149422
   1   2   1   1        0.0284066167       -0.0015149422
   2   2   1   1        2.0830491943       -0.0000000000
   1   1   2   1        0.0284066167       -0.0015149422
   2   1   2   1        0.0068460475        0.0000000000
   1   2   2   1        0.0068072135       -0.0007281558
   2   2   2   1        0.0284066121       -0.0015150214
   1   1   1   2        0.0284066167        0.0015149422
   2   1   1   2        0.0068072135        0.0007281558
   1   2   1   2        0.0068460475       -0.0000000000
   2   2   1   2        0.0284066121        0.0015150214
   1   1   2   2        2.0830491943        0.0000000000
   2   1   2   2        0.0284066121        0.0015150214
   1   2   2   2        0.0284066121       -0.0015150214
   2   2   2   2        5.0344445127       -0.0000000000
