Dynamical matrix file
Nb3Cl8                                                                     
  2   11   0  12.7287764   0.0000000   0.0000000   0.0000000   0.0000000   0.0000000
Basis vectors
      0.866025404    0.500000000    0.000000000
     -0.866025404    0.500000000    0.000000000
      0.000000000    0.000000000    4.557598148
           1  'Nb     '    84678.976084622787     
           2  'Cl     '    32313.159317658265     
    1    1     -0.2402445370      0.0000000000      0.4640942681
    2    1      0.1201222685     -0.2080578721      0.4640942681
    3    1      0.1201222685      0.2080578721      0.4640942681
    4    2      0.2850442849     -0.0000000000      0.2176559587
    5    2     -0.1425221425      0.2468555919      0.2176559587
    6    2     -0.1425221425     -0.2468555919      0.2176559587
    7    2     -0.5773502691     -0.0000000000      0.2609354180
    8    2      0.8630544617     -0.0000000000      0.6655025991
    9    2      0.4344981730      0.2474270886      0.6655025991
   10    2      0.4344981730     -0.2474270886      0.6655025991
   11    2      0.0000000000      0.0000000000      0.7383672515

     Dynamical  Matrix in cartesian axes

     q = (    0.000000000   0.000000000   0.000000000 ) 

    1    1
  0.38814232   0.00000000    -0.00000000   0.00000000     0.02149245   0.00000000
 -0.00000000   0.00000000     0.31714303   0.00000000    -0.00000000   0.00000000
  0.02149245   0.00000000     0.00000000   0.00000000     0.42675789   0.00000000
    1    2
 -0.10270994   0.00000000     0.07065394   0.00000000    -0.00409429   0.00000000
  0.05639400   0.00000000    -0.02935877   0.00000000     0.01783195   0.00000000
  0.01749007   0.00000000     0.00537021   0.00000000     0.00721501   0.00000000
    1    3
 -0.10270994   0.00000000    -0.07065394   0.00000000    -0.00409429   0.00000000
 -0.05639400   0.00000000    -0.02935877   0.00000000    -0.01783195   0.00000000
  0.01749007   0.00000000    -0.00537021   0.00000000     0.00721501   0.00000000
    1    4
 -0.00902431   0.00000000     0.00000000   0.00000000     0.00325594   0.00000000
  0.00000000   0.00000000     0.00373942   0.00000000     0.00000000   0.00000000
  0.00563643   0.00000000     0.00000000   0.00000000    -0.01004859   0.00000000
    1    5
 -0.01983464   0.00000000    -0.00822934   0.00000000     0.01225320   0.00000000
 -0.02274663   0.00000000    -0.06480760   0.00000000     0.06118985   0.00000000
  0.02059699   0.00000000     0.06738482   0.00000000    -0.09423011   0.00000000
    1    6
 -0.01983464   0.00000000     0.00822934   0.00000000     0.01225320   0.00000000
  0.02274663   0.00000000    -0.06480760   0.00000000    -0.06118985   0.00000000
  0.02059699   0.00000000    -0.06738482   0.00000000    -0.09423011   0.00000000
    1    7
 -0.02511696   0.00000000     0.00000000   0.00000000    -0.02036768   0.00000000
  0.00000000   0.00000000    -0.02387312   0.00000000     0.00000000   0.00000000
 -0.01457663   0.00000000    -0.00000000   0.00000000    -0.03889107   0.00000000
    1    8
  0.00109264   0.00000000     0.00000000   0.00000000     0.00536928   0.00000000
  0.00000000   0.00000000    -0.00956855   0.00000000     0.00000000   0.00000000
 -0.00328470   0.00000000     0.00000000   0.00000000    -0.00720883   0.00000000
    1    9
 -0.02360238   0.00000000    -0.01890394   0.00000000     0.01019444   0.00000000
 -0.01201361   0.00000000    -0.03833714   0.00000000     0.02871068   0.00000000
  0.00000176   0.00000000     0.02934111   0.00000000    -0.05166887   0.00000000
    1   10
 -0.02360238   0.00000000     0.01890394   0.00000000     0.01019444   0.00000000
  0.01201361   0.00000000    -0.03833714   0.00000000    -0.02871068   0.00000000
  0.00000176   0.00000000    -0.02934111   0.00000000    -0.05166887   0.00000000
    1   11
 -0.06296950   0.00000000     0.00000000   0.00000000    -0.04612074   0.00000000
  0.00000000   0.00000000    -0.02319166   0.00000000    -0.00000000   0.00000000
 -0.08519725   0.00000000     0.00000000   0.00000000    -0.09360354   0.00000000
    2    1
 -0.10270994   0.00000000     0.05639400   0.00000000     0.01749007   0.00000000
  0.07065394   0.00000000    -0.02935877   0.00000000     0.00537021   0.00000000
 -0.00409429   0.00000000     0.01783195   0.00000000     0.00721501   0.00000000
    2    2
  0.33489285   0.00000000    -0.03074360   0.00000000    -0.01074623   0.00000000
 -0.03074360   0.00000000     0.37039250   0.00000000     0.01861301   0.00000000
 -0.01074623   0.00000000     0.01861301   0.00000000     0.42675789   0.00000000
    2    3
  0.00731681   0.00000000     0.00712997   0.00000000    -0.01339578   0.00000000
 -0.00712997   0.00000000    -0.13938552   0.00000000    -0.01246174   0.00000000
 -0.01339578   0.00000000     0.01246174   0.00000000     0.00721501   0.00000000
    2    4
 -0.04015137   0.00000000    -0.03447650   0.00000000     0.04686537   0.00000000
 -0.01995921   0.00000000    -0.04449087   0.00000000     0.04120651   0.00000000
  0.04805847   0.00000000     0.05152992   0.00000000    -0.09423011   0.00000000
    2    5
  0.00054848   0.00000000     0.00552686   0.00000000    -0.00162797   0.00000000
  0.00552686   0.00000000    -0.00583338   0.00000000     0.00281972   0.00000000
 -0.00281822   0.00000000     0.00488129   0.00000000    -0.01004859   0.00000000
    2    6
 -0.06697735   0.00000000    -0.00447123   0.00000000    -0.05911857   0.00000000
 -0.01898852   0.00000000    -0.01766489   0.00000000    -0.01998334   0.00000000
 -0.06865546   0.00000000    -0.01585490   0.00000000    -0.09423011   0.00000000
    2    7
 -0.02418408   0.00000000     0.00053860   0.00000000     0.01018384   0.00000000
  0.00053860   0.00000000    -0.02480600   0.00000000    -0.01763893   0.00000000
  0.00728832   0.00000000    -0.01262373   0.00000000    -0.03889107   0.00000000
    2    8
 -0.02126576   0.00000000    -0.01066456   0.00000000     0.01976696   0.00000000
 -0.01755489   0.00000000    -0.04067376   0.00000000     0.02318398   0.00000000
  0.02540927   0.00000000     0.01467208   0.00000000    -0.05166887   0.00000000
    2    9
 -0.00690326   0.00000000    -0.00461643   0.00000000    -0.00268464   0.00000000
 -0.00461643   0.00000000    -0.00157266   0.00000000     0.00464993   0.00000000
  0.00164235   0.00000000    -0.00284463   0.00000000    -0.00720883   0.00000000
    2   10
 -0.04804115   0.00000000    -0.00209611   0.00000000    -0.02996140   0.00000000
  0.00479421   0.00000000    -0.01389838   0.00000000    -0.00552670   0.00000000
 -0.02541103   0.00000000    -0.01466903   0.00000000    -0.05166887   0.00000000
    2   11
 -0.03313612   0.00000000     0.01722431   0.00000000     0.02306037   0.00000000
  0.01722431   0.00000000    -0.05302504   0.00000000    -0.03994173   0.00000000
  0.04259863   0.00000000    -0.07378298   0.00000000    -0.09360354   0.00000000
    3    1
 -0.10270994   0.00000000    -0.05639400   0.00000000     0.01749007   0.00000000
 -0.07065394   0.00000000    -0.02935877   0.00000000    -0.00537021   0.00000000
 -0.00409429   0.00000000    -0.01783195   0.00000000     0.00721501   0.00000000
    3    2
  0.00731681   0.00000000    -0.00712997   0.00000000    -0.01339578   0.00000000
  0.00712997   0.00000000    -0.13938552   0.00000000     0.01246174   0.00000000
 -0.01339578   0.00000000    -0.01246174   0.00000000     0.00721501   0.00000000
    3    3
  0.33489285   0.00000000     0.03074360   0.00000000    -0.01074623   0.00000000
  0.03074360   0.00000000     0.37039250   0.00000000    -0.01861301   0.00000000
 -0.01074623   0.00000000    -0.01861301   0.00000000     0.42675789   0.00000000
    3    4
 -0.04015137   0.00000000     0.03447650   0.00000000     0.04686537   0.00000000
  0.01995921   0.00000000    -0.04449087   0.00000000    -0.04120651   0.00000000
  0.04805847   0.00000000    -0.05152992   0.00000000    -0.09423011   0.00000000
    3    5
 -0.06697735   0.00000000     0.00447123   0.00000000    -0.05911857   0.00000000
  0.01898852   0.00000000    -0.01766489   0.00000000     0.01998334   0.00000000
 -0.06865546   0.00000000     0.01585490   0.00000000    -0.09423011   0.00000000
    3    6
  0.00054848   0.00000000    -0.00552686   0.00000000    -0.00162797   0.00000000
 -0.00552686   0.00000000    -0.00583338   0.00000000    -0.00281972   0.00000000
 -0.00281822   0.00000000    -0.00488129   0.00000000    -0.01004859   0.00000000
    3    7
 -0.02418408   0.00000000    -0.00053860   0.00000000     0.01018384   0.00000000
 -0.00053860   0.00000000    -0.02480600   0.00000000     0.01763893   0.00000000
  0.00728832   0.00000000     0.01262373   0.00000000    -0.03889107   0.00000000
    3    8
 -0.02126576   0.00000000     0.01066456   0.00000000     0.01976696   0.00000000
  0.01755489   0.00000000    -0.04067376   0.00000000    -0.02318398   0.00000000
  0.02540927   0.00000000    -0.01467208   0.00000000    -0.05166887   0.00000000
    3    9
 -0.04804115   0.00000000     0.00209611   0.00000000    -0.02996140   0.00000000
 -0.00479421   0.00000000    -0.01389838   0.00000000     0.00552670   0.00000000
 -0.02541103   0.00000000     0.01466903   0.00000000    -0.05166887   0.00000000
    3   10
 -0.00690326   0.00000000     0.00461643   0.00000000    -0.00268464   0.00000000
  0.00461643   0.00000000    -0.00157266   0.00000000    -0.00464993   0.00000000
  0.00164235   0.00000000     0.00284463   0.00000000    -0.00720883   0.00000000
    3   11
 -0.03313612   0.00000000    -0.01722431   0.00000000     0.02306037   0.00000000
 -0.01722431   0.00000000    -0.05302504   0.00000000     0.03994173   0.00000000
  0.04259863   0.00000000     0.07378298   0.00000000    -0.09360354   0.00000000
    4    1
 -0.00902431   0.00000000     0.00000000   0.00000000     0.00563643   0.00000000
  0.00000000   0.00000000     0.00373942   0.00000000     0.00000000   0.00000000
  0.00325594   0.00000000     0.00000000   0.00000000    -0.01004859   0.00000000
    4    2
 -0.04015137   0.00000000    -0.01995921   0.00000000     0.04805847   0.00000000
 -0.03447650   0.00000000    -0.04449087   0.00000000     0.05152992   0.00000000
  0.04686537   0.00000000     0.04120651   0.00000000    -0.09423011   0.00000000
    4    3
 -0.04015137   0.00000000     0.01995921   0.00000000     0.04805847   0.00000000
  0.03447650   0.00000000    -0.04449087   0.00000000    -0.05152992   0.00000000
  0.04686537   0.00000000    -0.04120651   0.00000000    -0.09423011   0.00000000
    4    4
  0.12763193   0.00000000     0.00000000   0.00000000    -0.09620052   0.00000000
 -0.00000000   0.00000000     0.14385401   0.00000000     0.00000000   0.00000000
 -0.09620052   0.00000000    -0.00000000   0.00000000     0.18001519   0.00000000
    4    5
 -0.02008067   0.00000000     0.00901717   0.00000000     0.00126798   0.00000000
  0.01442506   0.00000000    -0.00654629   0.00000000    -0.00161514   0.00000000
 -0.00203274   0.00000000     0.00029053   0.00000000     0.01055339   0.00000000
    4    6
 -0.02008067   0.00000000    -0.00901717   0.00000000     0.00126798   0.00000000
 -0.01442506   0.00000000    -0.00654629   0.00000000     0.00161514   0.00000000
 -0.00203274   0.00000000    -0.00029053   0.00000000     0.01055339   0.00000000
    4    7
  0.00200634   0.00000000     0.00000000   0.00000000    -0.00370047   0.00000000
 -0.00000000   0.00000000    -0.02632135   0.00000000     0.00000000   0.00000000
 -0.00173028   0.00000000     0.00000000   0.00000000     0.00646402   0.00000000
    4    8
  0.00135861   0.00000000     0.00000000   0.00000000     0.00200549   0.00000000
  0.00000000   0.00000000    -0.01499891   0.00000000     0.00000000   0.00000000
  0.00055277   0.00000000     0.00000000   0.00000000     0.00413209   0.00000000
    4    9
 -0.00163934   0.00000000    -0.00254063   0.00000000    -0.00418489   0.00000000
 -0.00170155   0.00000000    -0.00184219   0.00000000    -0.00543228   0.00000000
 -0.00016190   0.00000000    -0.00217112   0.00000000    -0.00622285   0.00000000
    4   10
 -0.00163934   0.00000000     0.00254063   0.00000000    -0.00418489   0.00000000
  0.00170155   0.00000000    -0.00184219   0.00000000     0.00543228   0.00000000
 -0.00016190   0.00000000     0.00217112   0.00000000    -0.00622285   0.00000000
    4   11
  0.00117834   0.00000000    -0.00000000   0.00000000     0.00196286   0.00000000
 -0.00000000   0.00000000     0.00030857   0.00000000     0.00000000   0.00000000
  0.00503999   0.00000000     0.00000000   0.00000000    -0.00085065   0.00000000
    5    1
 -0.01983464   0.00000000    -0.02274663   0.00000000     0.02059699   0.00000000
 -0.00822934   0.00000000    -0.06480760   0.00000000     0.06738482   0.00000000
  0.01225320   0.00000000     0.06118985   0.00000000    -0.09423011   0.00000000
    5    2
  0.00054848   0.00000000     0.00552686   0.00000000    -0.00281822   0.00000000
  0.00552686   0.00000000    -0.00583338   0.00000000     0.00488129   0.00000000
 -0.00162797   0.00000000     0.00281972   0.00000000    -0.01004859   0.00000000
    5    3
 -0.06697735   0.00000000     0.01898852   0.00000000    -0.06865546   0.00000000
  0.00447123   0.00000000    -0.01766489   0.00000000     0.01585490   0.00000000
 -0.05911857   0.00000000     0.01998334   0.00000000    -0.09423011   0.00000000
    5    4
 -0.02008067   0.00000000     0.01442506   0.00000000    -0.00203274   0.00000000
  0.00901717   0.00000000    -0.00654629   0.00000000     0.00029053   0.00000000
  0.00126798   0.00000000    -0.00161514   0.00000000     0.01055339   0.00000000
    5    5
  0.13979849   0.00000000     0.00702437   0.00000000     0.04810026   0.00000000
  0.00702437   0.00000000     0.13168745   0.00000000    -0.08331210   0.00000000
  0.04810026   0.00000000    -0.08331210   0.00000000     0.18001519   0.00000000
    5    6
  0.00022090   0.00000000    -0.00270394   0.00000000     0.00076476   0.00000000
  0.00270394   0.00000000    -0.02684786   0.00000000     0.00190567   0.00000000
  0.00076476   0.00000000    -0.00190567   0.00000000     0.01055339   0.00000000
    5    7
 -0.01923943   0.00000000    -0.01226625   0.00000000     0.00185024   0.00000000
 -0.01226625   0.00000000    -0.00507558   0.00000000    -0.00320470   0.00000000
  0.00086514   0.00000000    -0.00149847   0.00000000     0.00646402   0.00000000
    5    8
  0.00004544   0.00000000    -0.00072884   0.00000000    -0.00261205   0.00000000
 -0.00156792   0.00000000    -0.00352697   0.00000000    -0.00634036   0.00000000
 -0.00179929   0.00000000    -0.00122577   0.00000000    -0.00622285   0.00000000
    5    9
 -0.01090953   0.00000000    -0.00708301   0.00000000    -0.00100275   0.00000000
 -0.00708301   0.00000000    -0.00273077   0.00000000     0.00173681   0.00000000
 -0.00027639   0.00000000     0.00047871   0.00000000     0.00413209   0.00000000
    5   10
 -0.00362840   0.00000000     0.00055317   0.00000000     0.00679693   0.00000000
  0.00139225   0.00000000     0.00014686   0.00000000    -0.00090808   0.00000000
  0.00196119   0.00000000     0.00094535   0.00000000    -0.00622285   0.00000000
    5   11
  0.00052601   0.00000000    -0.00037662   0.00000000    -0.00098143   0.00000000
 -0.00037662   0.00000000     0.00096089   0.00000000     0.00169989   0.00000000
 -0.00251999   0.00000000     0.00436476   0.00000000    -0.00085065   0.00000000
    6    1
 -0.01983464   0.00000000     0.02274663   0.00000000     0.02059699   0.00000000
  0.00822934   0.00000000    -0.06480760   0.00000000    -0.06738482   0.00000000
  0.01225320   0.00000000    -0.06118985   0.00000000    -0.09423011   0.00000000
    6    2
 -0.06697735   0.00000000    -0.01898852   0.00000000    -0.06865546   0.00000000
 -0.00447123   0.00000000    -0.01766489   0.00000000    -0.01585490   0.00000000
 -0.05911857   0.00000000    -0.01998334   0.00000000    -0.09423011   0.00000000
    6    3
  0.00054848   0.00000000    -0.00552686   0.00000000    -0.00281822   0.00000000
 -0.00552686   0.00000000    -0.00583338   0.00000000    -0.00488129   0.00000000
 -0.00162797   0.00000000    -0.00281972   0.00000000    -0.01004859   0.00000000
    6    4
 -0.02008067   0.00000000    -0.01442506   0.00000000    -0.00203274   0.00000000
 -0.00901717   0.00000000    -0.00654629   0.00000000    -0.00029053   0.00000000
  0.00126798   0.00000000     0.00161514   0.00000000     0.01055339   0.00000000
    6    5
  0.00022090   0.00000000     0.00270394   0.00000000     0.00076476   0.00000000
 -0.00270394   0.00000000    -0.02684786   0.00000000    -0.00190567   0.00000000
  0.00076476   0.00000000     0.00190567   0.00000000     0.01055339   0.00000000
    6    6
  0.13979849   0.00000000    -0.00702437   0.00000000     0.04810026   0.00000000
 -0.00702437   0.00000000     0.13168745   0.00000000     0.08331210   0.00000000
  0.04810026   0.00000000     0.08331210   0.00000000     0.18001519   0.00000000
    6    7
 -0.01923943   0.00000000     0.01226625   0.00000000     0.00185024   0.00000000
  0.01226625   0.00000000    -0.00507558   0.00000000     0.00320470   0.00000000
  0.00086514   0.00000000     0.00149847   0.00000000     0.00646402   0.00000000
    6    8
  0.00004544   0.00000000     0.00072884   0.00000000    -0.00261205   0.00000000
  0.00156792   0.00000000    -0.00352697   0.00000000     0.00634036   0.00000000
 -0.00179929   0.00000000     0.00122577   0.00000000    -0.00622285   0.00000000
    6    9
 -0.00362840   0.00000000    -0.00055317   0.00000000     0.00679693   0.00000000
 -0.00139225   0.00000000     0.00014686   0.00000000     0.00090808   0.00000000
  0.00196119   0.00000000    -0.00094535   0.00000000    -0.00622285   0.00000000
    6   10
 -0.01090953   0.00000000     0.00708301   0.00000000    -0.00100275   0.00000000
  0.00708301   0.00000000    -0.00273077   0.00000000    -0.00173681   0.00000000
 -0.00027639   0.00000000    -0.00047871   0.00000000     0.00413209   0.00000000
    6   11
  0.00052601   0.00000000     0.00037662   0.00000000    -0.00098143   0.00000000
  0.00037662   0.00000000     0.00096089   0.00000000    -0.00169989   0.00000000
 -0.00251999   0.00000000    -0.00436476   0.00000000    -0.00085065   0.00000000
    7    1
 -0.02511696   0.00000000     0.00000000   0.00000000    -0.01457663   0.00000000
 -0.00000000   0.00000000    -0.02387312   0.00000000     0.00000000   0.00000000
 -0.02036768   0.00000000     0.00000000   0.00000000    -0.03889107   0.00000000
    7    2
 -0.02418408   0.00000000     0.00053860   0.00000000     0.00728832   0.00000000
  0.00053860   0.00000000    -0.02480600   0.00000000    -0.01262373   0.00000000
  0.01018384   0.00000000    -0.01763893   0.00000000    -0.03889107   0.00000000
    7    3
 -0.02418408   0.00000000    -0.00053860   0.00000000     0.00728832   0.00000000
 -0.00053860   0.00000000    -0.02480600   0.00000000     0.01262373   0.00000000
  0.01018384   0.00000000     0.01763893   0.00000000    -0.03889107   0.00000000
    7    4
  0.00200634   0.00000000     0.00000000   0.00000000    -0.00173028   0.00000000
 -0.00000000   0.00000000    -0.02632135   0.00000000     0.00000000   0.00000000
 -0.00370047   0.00000000     0.00000000   0.00000000     0.00646402   0.00000000
    7    5
 -0.01923943   0.00000000    -0.01226625   0.00000000     0.00086514   0.00000000
 -0.01226625   0.00000000    -0.00507558   0.00000000    -0.00149847   0.00000000
  0.00185024   0.00000000    -0.00320470   0.00000000     0.00646402   0.00000000
    7    6
 -0.01923943   0.00000000     0.01226625   0.00000000     0.00086514   0.00000000
  0.01226625   0.00000000    -0.00507558   0.00000000     0.00149847   0.00000000
  0.00185024   0.00000000     0.00320470   0.00000000     0.00646402   0.00000000
    7    7
  0.11978583   0.00000000     0.00000000   0.00000000     0.00000000   0.00000000
  0.00000000   0.00000000     0.11978583   0.00000000     0.00000000   0.00000000
  0.00000000   0.00000000     0.00000000   0.00000000     0.11655360   0.00000000
    7    8
 -0.00494922   0.00000000     0.00000000   0.00000000     0.00747131   0.00000000
 -0.00000000   0.00000000     0.00158842   0.00000000     0.00000000   0.00000000
  0.00711387   0.00000000     0.00000000   0.00000000    -0.00871829   0.00000000
    7    9
 -0.00004599   0.00000000     0.00283088   0.00000000    -0.00373565   0.00000000
  0.00283088   0.00000000    -0.00331481   0.00000000     0.00647034   0.00000000
 -0.00355693   0.00000000     0.00616079   0.00000000    -0.00871829   0.00000000
    7   10
 -0.00004599   0.00000000    -0.00283088   0.00000000    -0.00373565   0.00000000
 -0.00283088   0.00000000    -0.00331481   0.00000000    -0.00647034   0.00000000
 -0.00355693   0.00000000    -0.00616079   0.00000000    -0.00871829   0.00000000
    7   11
 -0.00510003   0.00000000     0.00000000   0.00000000     0.00000000   0.00000000
  0.00000000   0.00000000    -0.00510003   0.00000000     0.00000000   0.00000000
  0.00000000   0.00000000     0.00000000   0.00000000     0.00659893   0.00000000
    8    1
  0.00109264   0.00000000     0.00000000   0.00000000    -0.00328470   0.00000000
  0.00000000   0.00000000    -0.00956855   0.00000000     0.00000000   0.00000000
  0.00536928   0.00000000     0.00000000   0.00000000    -0.00720883   0.00000000
    8    2
 -0.02126576   0.00000000    -0.01755489   0.00000000     0.02540927   0.00000000
 -0.01066456   0.00000000    -0.04067376   0.00000000     0.01467208   0.00000000
  0.01976696   0.00000000     0.02318398   0.00000000    -0.05166887   0.00000000
    8    3
 -0.02126576   0.00000000     0.01755489   0.00000000     0.02540927   0.00000000
  0.01066456   0.00000000    -0.04067376   0.00000000    -0.01467208   0.00000000
  0.01976696   0.00000000    -0.02318398   0.00000000    -0.05166887   0.00000000
    8    4
  0.00135861   0.00000000     0.00000000   0.00000000     0.00055277   0.00000000
  0.00000000   0.00000000    -0.01499891   0.00000000     0.00000000   0.00000000
  0.00200549   0.00000000     0.00000000   0.00000000     0.00413209   0.00000000
    8    5
  0.00004544   0.00000000    -0.00156792   0.00000000    -0.00179929   0.00000000
 -0.00072884   0.00000000    -0.00352697   0.00000000    -0.00122577   0.00000000
 -0.00261205   0.00000000    -0.00634036   0.00000000    -0.00622285   0.00000000
    8    6
  0.00004544   0.00000000     0.00156792   0.00000000    -0.00179929   0.00000000
  0.00072884   0.00000000    -0.00352697   0.00000000     0.00122577   0.00000000
 -0.00261205   0.00000000     0.00634036   0.00000000    -0.00622285   0.00000000
    8    7
 -0.00494922   0.00000000     0.00000000   0.00000000     0.00711387   0.00000000
  0.00000000   0.00000000     0.00158842   0.00000000    -0.00000000   0.00000000
  0.00747131   0.00000000     0.00000000   0.00000000    -0.00871829   0.00000000
    8    8
  0.09192166   0.00000000     0.00000000   0.00000000    -0.04761361   0.00000000
  0.00000000   0.00000000     0.14745174   0.00000000     0.00000000   0.00000000
 -0.04761361   0.00000000     0.00000000   0.00000000     0.10442233   0.00000000
    8    9
 -0.02444659   0.00000000     0.01409025   0.00000000    -0.00099434   0.00000000
  0.01457050   0.00000000    -0.00789929   0.00000000     0.00113229   0.00000000
  0.00147776   0.00000000    -0.00029498   0.00000000     0.00801641   0.00000000
    8   10
 -0.02444659   0.00000000    -0.01409025   0.00000000    -0.00099434   0.00000000
 -0.01457050   0.00000000    -0.00789929   0.00000000    -0.00113229   0.00000000
  0.00147776   0.00000000     0.00029498   0.00000000     0.00801641   0.00000000
    8   11
  0.00269465   0.00000000    -0.00000000   0.00000000    -0.00223386   0.00000000
  0.00000000   0.00000000    -0.02075826   0.00000000    -0.00000000   0.00000000
 -0.00418350   0.00000000     0.00000000   0.00000000     0.00723858   0.00000000
    9    1
 -0.02360238   0.00000000    -0.01201361   0.00000000     0.00000176   0.00000000
 -0.01890394   0.00000000    -0.03833714   0.00000000     0.02934111   0.00000000
  0.01019444   0.00000000     0.02871068   0.00000000    -0.05166887   0.00000000
    9    2
 -0.00690326   0.00000000    -0.00461643   0.00000000     0.00164235   0.00000000
 -0.00461643   0.00000000    -0.00157266   0.00000000    -0.00284463   0.00000000
 -0.00268464   0.00000000     0.00464993   0.00000000    -0.00720883   0.00000000
    9    3
 -0.04804115   0.00000000    -0.00479421   0.00000000    -0.02541103   0.00000000
  0.00209611   0.00000000    -0.01389838   0.00000000     0.01466903   0.00000000
 -0.02996140   0.00000000     0.00552670   0.00000000    -0.05166887   0.00000000
    9    4
 -0.00163934   0.00000000    -0.00170155   0.00000000    -0.00016190   0.00000000
 -0.00254063   0.00000000    -0.00184219   0.00000000    -0.00217112   0.00000000
 -0.00418489   0.00000000    -0.00543228   0.00000000    -0.00622285   0.00000000
    9    5
 -0.01090953   0.00000000    -0.00708301   0.00000000    -0.00027639   0.00000000
 -0.00708301   0.00000000    -0.00273077   0.00000000     0.00047871   0.00000000
 -0.00100275   0.00000000     0.00173681   0.00000000     0.00413209   0.00000000
    9    6
 -0.00362840   0.00000000    -0.00139225   0.00000000     0.00196119   0.00000000
 -0.00055317   0.00000000     0.00014686   0.00000000    -0.00094535   0.00000000
  0.00679693   0.00000000     0.00090808   0.00000000    -0.00622285   0.00000000
    9    7
 -0.00004599   0.00000000     0.00283088   0.00000000    -0.00355693   0.00000000
  0.00283088   0.00000000    -0.00331481   0.00000000     0.00616079   0.00000000
 -0.00373565   0.00000000     0.00647034   0.00000000    -0.00871829   0.00000000
    9    8
 -0.02444659   0.00000000     0.01457050   0.00000000     0.00147776   0.00000000
  0.01409025   0.00000000    -0.00789929   0.00000000    -0.00029498   0.00000000
 -0.00099434   0.00000000     0.00113229   0.00000000     0.00801641   0.00000000
    9    9
  0.13356922   0.00000000     0.02404523   0.00000000     0.02380680   0.00000000
  0.02404523   0.00000000     0.10580418   0.00000000    -0.04123459   0.00000000
  0.02380680   0.00000000    -0.04123459   0.00000000     0.10442233   0.00000000
    9   10
  0.00037435   0.00000000    -0.00024013   0.00000000    -0.00048342   0.00000000
  0.00024013   0.00000000    -0.03272023   0.00000000    -0.00142727   0.00000000
 -0.00048342   0.00000000     0.00142727   0.00000000     0.00801641   0.00000000
    9   11
 -0.01489503   0.00000000    -0.01015541   0.00000000     0.00111693   0.00000000
 -0.01015541   0.00000000    -0.00316858   0.00000000    -0.00193458   0.00000000
  0.00209175   0.00000000    -0.00362302   0.00000000     0.00723858   0.00000000
   10    1
 -0.02360238   0.00000000     0.01201361   0.00000000     0.00000176   0.00000000
  0.01890394   0.00000000    -0.03833714   0.00000000    -0.02934111   0.00000000
  0.01019444   0.00000000    -0.02871068   0.00000000    -0.05166887   0.00000000
   10    2
 -0.04804115   0.00000000     0.00479421   0.00000000    -0.02541103   0.00000000
 -0.00209611   0.00000000    -0.01389838   0.00000000    -0.01466903   0.00000000
 -0.02996140   0.00000000    -0.00552670   0.00000000    -0.05166887   0.00000000
   10    3
 -0.00690326   0.00000000     0.00461643   0.00000000     0.00164235   0.00000000
  0.00461643   0.00000000    -0.00157266   0.00000000     0.00284463   0.00000000
 -0.00268464   0.00000000    -0.00464993   0.00000000    -0.00720883   0.00000000
   10    4
 -0.00163934   0.00000000     0.00170155   0.00000000    -0.00016190   0.00000000
  0.00254063   0.00000000    -0.00184219   0.00000000     0.00217112   0.00000000
 -0.00418489   0.00000000     0.00543228   0.00000000    -0.00622285   0.00000000
   10    5
 -0.00362840   0.00000000     0.00139225   0.00000000     0.00196119   0.00000000
  0.00055317   0.00000000     0.00014686   0.00000000     0.00094535   0.00000000
  0.00679693   0.00000000    -0.00090808   0.00000000    -0.00622285   0.00000000
   10    6
 -0.01090953   0.00000000     0.00708301   0.00000000    -0.00027639   0.00000000
  0.00708301   0.00000000    -0.00273077   0.00000000    -0.00047871   0.00000000
 -0.00100275   0.00000000    -0.00173681   0.00000000     0.00413209   0.00000000
   10    7
 -0.00004599   0.00000000    -0.00283088   0.00000000    -0.00355693   0.00000000
 -0.00283088   0.00000000    -0.00331481   0.00000000    -0.00616079   0.00000000
 -0.00373565   0.00000000    -0.00647034   0.00000000    -0.00871829   0.00000000
   10    8
 -0.02444659   0.00000000    -0.01457050   0.00000000     0.00147776   0.00000000
 -0.01409025   0.00000000    -0.00789929   0.00000000     0.00029498   0.00000000
 -0.00099434   0.00000000    -0.00113229   0.00000000     0.00801641   0.00000000
   10    9
  0.00037435   0.00000000     0.00024013   0.00000000    -0.00048342   0.00000000
 -0.00024013   0.00000000    -0.03272023   0.00000000     0.00142727   0.00000000
 -0.00048342   0.00000000    -0.00142727   0.00000000     0.00801641   0.00000000
   10   10
  0.13356922   0.00000000    -0.02404523   0.00000000     0.02380680   0.00000000
 -0.02404523   0.00000000     0.10580418   0.00000000     0.04123459   0.00000000
  0.02380680   0.00000000     0.04123459   0.00000000     0.10442233   0.00000000
   10   11
 -0.01489503   0.00000000     0.01015541   0.00000000     0.00111693   0.00000000
  0.01015541   0.00000000    -0.00316858   0.00000000     0.00193458   0.00000000
  0.00209175   0.00000000     0.00362302   0.00000000     0.00723858   0.00000000
   11    1
 -0.06296950   0.00000000     0.00000000   0.00000000    -0.08519725   0.00000000
  0.00000000   0.00000000    -0.02319166   0.00000000    -0.00000000   0.00000000
 -0.04612074   0.00000000     0.00000000   0.00000000    -0.09360354   0.00000000
   11    2
 -0.03313612   0.00000000     0.01722431   0.00000000     0.04259863   0.00000000
  0.01722431   0.00000000    -0.05302504   0.00000000    -0.07378298   0.00000000
  0.02306037   0.00000000    -0.03994173   0.00000000    -0.09360354   0.00000000
   11    3
 -0.03313612   0.00000000    -0.01722431   0.00000000     0.04259863   0.00000000
 -0.01722431   0.00000000    -0.05302504   0.00000000     0.07378298   0.00000000
  0.02306037   0.00000000     0.03994173   0.00000000    -0.09360354   0.00000000
   11    4
  0.00117834   0.00000000    -0.00000000   0.00000000     0.00503999   0.00000000
 -0.00000000   0.00000000     0.00030857   0.00000000     0.00000000   0.00000000
  0.00196286   0.00000000     0.00000000   0.00000000    -0.00085065   0.00000000
   11    5
  0.00052601   0.00000000    -0.00037662   0.00000000    -0.00251999   0.00000000
 -0.00037662   0.00000000     0.00096089   0.00000000     0.00436476   0.00000000
 -0.00098143   0.00000000     0.00169989   0.00000000    -0.00085065   0.00000000
   11    6
  0.00052601   0.00000000     0.00037662   0.00000000    -0.00251999   0.00000000
  0.00037662   0.00000000     0.00096089   0.00000000    -0.00436476   0.00000000
 -0.00098143   0.00000000    -0.00169989   0.00000000    -0.00085065   0.00000000
   11    7
 -0.00510003   0.00000000     0.00000000   0.00000000     0.00000000   0.00000000
  0.00000000   0.00000000    -0.00510003   0.00000000     0.00000000   0.00000000
  0.00000000   0.00000000     0.00000000   0.00000000     0.00659893   0.00000000
   11    8
  0.00269465   0.00000000     0.00000000   0.00000000    -0.00418350   0.00000000
 -0.00000000   0.00000000    -0.02075826   0.00000000    -0.00000000   0.00000000
 -0.00223386   0.00000000     0.00000000   0.00000000     0.00723858   0.00000000
   11    9
 -0.01489503   0.00000000    -0.01015541   0.00000000     0.00209175   0.00000000
 -0.01015541   0.00000000    -0.00316858   0.00000000    -0.00362302   0.00000000
  0.00111693   0.00000000    -0.00193458   0.00000000     0.00723858   0.00000000
   11   10
 -0.01489503   0.00000000     0.01015541   0.00000000     0.00209175   0.00000000
  0.01015541   0.00000000    -0.00316858   0.00000000     0.00362302   0.00000000
  0.00111693   0.00000000     0.00193458   0.00000000     0.00723858   0.00000000
   11   11
  0.16026815   0.00000000    -0.00000000   0.00000000     0.00000000   0.00000000
  0.00000000   0.00000000     0.16026815   0.00000000     0.00000000   0.00000000
  0.00000000   0.00000000     0.00000000   0.00000000     0.25479643   0.00000000

     Diagonalizing the dynamical matrix

     q = (    0.000000000   0.000000000   0.000000000 ) 

 **************************************************************************
     freq (    1) =      -0.180269 [THz] =      -6.013128 [cm-1]
 (  0.000126  0.000000 -0.000000  0.000000 -0.301570  0.000000 ) 
 ( -0.000063  0.000000  0.000109  0.000000 -0.301570  0.000000 ) 
 ( -0.000063  0.000000 -0.000109  0.000000 -0.301570  0.000000 ) 
 ( -0.000010  0.000000 -0.000000  0.000000 -0.301561  0.000000 ) 
 (  0.000005  0.000000 -0.000009  0.000000 -0.301561  0.000000 ) 
 (  0.000005  0.000000  0.000009  0.000000 -0.301561  0.000000 ) 
 (  0.000000  0.000000 -0.000000  0.000000 -0.301838  0.000000 ) 
 ( -0.000361  0.000000 -0.000000  0.000000 -0.301225  0.000000 ) 
 (  0.000181  0.000000 -0.000313  0.000000 -0.301225  0.000000 ) 
 (  0.000181  0.000000  0.000313  0.000000 -0.301225  0.000000 ) 
 (  0.000000  0.000000 -0.000000  0.000000 -0.301717  0.000000 ) 
     freq (    2) =       0.044088 [THz] =       1.470618 [cm-1]
 ( -0.302158  0.000000  0.004544 -0.000000  0.000525 -0.000000 ) 
 ( -0.302439  0.000000  0.004377 -0.000000 -0.000269  0.000000 ) 
 ( -0.302444  0.000000  0.004704 -0.000000 -0.000256  0.000000 ) 
 ( -0.306365  0.000000  0.004526 -0.000000 -0.002464  0.000000 ) 
 ( -0.302599  0.000000  0.006776 -0.000000  0.001264 -0.000000 ) 
 ( -0.302533  0.000000  0.002389 -0.000000  0.001200 -0.000000 ) 
 ( -0.302578  0.000000  0.004545 -0.000000 -0.000000  0.000000 ) 
 ( -0.294895  0.000000  0.004535 -0.000000  0.005207 -0.000000 ) 
 ( -0.300132  0.000000  0.001406 -0.000000 -0.002671  0.000000 ) 
 ( -0.300223  0.000000  0.007506 -0.000000 -0.002536  0.000000 ) 
 ( -0.299621  0.000000  0.004501 -0.000000 -0.000000  0.000000 ) 
     freq (    3) =       0.044088 [THz] =       1.470618 [cm-1]
 ( -0.004539  0.000000 -0.302536  0.000000  0.000008  0.000000 ) 
 ( -0.004707  0.000000 -0.302255  0.000000  0.000451  0.000000 ) 
 ( -0.004379  0.000000 -0.302250  0.000000 -0.000459  0.000000 ) 
 ( -0.004602  0.000000 -0.301300  0.000000 -0.000037  0.000000 ) 
 ( -0.002351  0.000000 -0.305066  0.000000 -0.002115  0.000000 ) 
 ( -0.006738  0.000000 -0.305132  0.000000  0.002152  0.000000 ) 
 ( -0.004545  0.000000 -0.302578  0.000000  0.000000  0.000000 ) 
 ( -0.004430  0.000000 -0.301938  0.000000  0.000078  0.000000 ) 
 ( -0.007559  0.000000 -0.296701  0.000000  0.004471  0.000000 ) 
 ( -0.001459  0.000000 -0.296610  0.000000 -0.004549  0.000000 ) 
 ( -0.004501  0.000000 -0.299621  0.000000  0.000000  0.000000 ) 
     freq (    4) =       2.728467 [THz] =      91.011859 [cm-1]
 ( -0.021586  0.000000 -0.000001  0.000000  0.091249  0.000000 ) 
 (  0.016383  0.000000  0.021922  0.000000 -0.045626  0.000000 ) 
 (  0.016384  0.000000 -0.021921  0.000000 -0.045623  0.000000 ) 
 ( -0.437217  0.000000  0.000003  0.000000 -0.397004  0.000000 ) 
 ( -0.193983  0.000000  0.140441  0.000000  0.198510  0.000000 ) 
 ( -0.193977  0.000000 -0.140425  0.000000  0.198494  0.000000 ) 
 ( -0.014330  0.000000  0.000000  0.000000 -0.000000  0.000000 ) 
 (  0.447988  0.000000 -0.000001  0.000000  0.290315  0.000000 ) 
 (  0.143553  0.000000 -0.175776  0.000000 -0.145163  0.000000 ) 
 (  0.143545  0.000000  0.175760  0.000000 -0.145152  0.000000 ) 
 (  0.113784  0.000000 -0.000003  0.000000 -0.000000  0.000000 ) 
     freq (    5) =       2.728467 [THz] =      91.011859 [cm-1]
 (  0.000000  0.000000 -0.029040  0.000000 -0.000002  0.000000 ) 
 ( -0.021922  0.000000  0.008929  0.000000 -0.079023  0.000000 ) 
 (  0.021921  0.000000  0.008930  0.000000  0.079025  0.000000 ) 
 (  0.000010  0.000000  0.112901  0.000000  0.000009  0.000000 ) 
 ( -0.140429  0.000000  0.356135  0.000000  0.343811  0.000000 ) 
 (  0.140437  0.000000  0.356141  0.000000 -0.343820  0.000000 ) 
 (  0.000000  0.000000  0.014330  0.000000 -0.000000  0.000000 ) 
 ( -0.000010  0.000000 -0.042070  0.000000 -0.000007  0.000000 ) 
 (  0.175765  0.000000 -0.346505  0.000000 -0.251417  0.000000 ) 
 ( -0.175771  0.000000 -0.346512  0.000000  0.251423  0.000000 ) 
 ( -0.000003  0.000000 -0.113784  0.000000 -0.000000  0.000000 ) 
     freq (    6) =       3.289609 [THz] =     109.729539 [cm-1]
 ( -0.000000  0.000000  0.338219  0.000000 -0.000000  0.000000 ) 
 ( -0.292906  0.000000 -0.169110  0.000000 -0.000000  0.000000 ) 
 (  0.292906  0.000000 -0.169110  0.000000  0.000000  0.000000 ) 
 (  0.000000  0.000000 -0.415679  0.000000  0.000000  0.000000 ) 
 (  0.359988  0.000000  0.207839  0.000000 -0.000000  0.000000 ) 
 ( -0.359988  0.000000  0.207839  0.000000  0.000000  0.000000 ) 
 ( -0.000000  0.000000  0.000000  0.000000 -0.000000  0.000000 ) 
 (  0.000000  0.000000 -0.214831  0.000000  0.000000  0.000000 ) 
 (  0.186049  0.000000  0.107416  0.000000 -0.000000  0.000000 ) 
 ( -0.186049  0.000000  0.107416  0.000000  0.000000  0.000000 ) 
 ( -0.000000  0.000000  0.000000  0.000000  0.000000  0.000000 ) 
     freq (    7) =       3.517039 [THz] =     117.315780 [cm-1]
 ( -0.077002  0.000000  0.000000  0.000000 -0.208708  0.000000 ) 
 ( -0.097158  0.000000 -0.011637  0.000000  0.104354  0.000000 ) 
 ( -0.097158  0.000000  0.011637  0.000000  0.104354  0.000000 ) 
 (  0.193206  0.000000 -0.000000  0.000000  0.323367  0.000000 ) 
 (  0.169492  0.000000 -0.013691  0.000000 -0.161684  0.000000 ) 
 (  0.169492  0.000000  0.013691  0.000000 -0.161683  0.000000 ) 
 ( -0.104997  0.000000  0.000000  0.000000 -0.000000  0.000000 ) 
 (  0.377328  0.000000 -0.000000  0.000000  0.471729  0.000000 ) 
 (  0.117178  0.000000 -0.150198  0.000000 -0.235865  0.000000 ) 
 (  0.117178  0.000000  0.150198  0.000000 -0.235864  0.000000 ) 
 ( -0.312732  0.000000  0.000000  0.000000 -0.000000  0.000000 ) 
     freq (    8) =       3.517039 [THz] =     117.315780 [cm-1]
 ( -0.000000  0.000000 -0.103877  0.000000 -0.000000  0.000000 ) 
 ( -0.011637  0.000000 -0.083721  0.000000 -0.180746  0.000000 ) 
 (  0.011637  0.000000 -0.083721  0.000000  0.180746  0.000000 ) 
 (  0.000000  0.000000  0.161588  0.000000  0.000000  0.000000 ) 
 ( -0.013691  0.000000  0.185301  0.000000  0.280044  0.000000 ) 
 (  0.013691  0.000000  0.185301  0.000000 -0.280044  0.000000 ) 
 ( -0.000000  0.000000 -0.104997  0.000000  0.000000  0.000000 ) 
 (  0.000000  0.000000  0.030461  0.000000  0.000001  0.000000 ) 
 ( -0.150198  0.000000  0.290611  0.000000  0.408529  0.000000 ) 
 (  0.150198  0.000000  0.290612  0.000000 -0.408529  0.000000 ) 
 ( -0.000000  0.000000 -0.312732  0.000000  0.000000  0.000000 ) 
     freq (    9) =       4.852703 [THz] =     161.868759 [cm-1]
 (  0.141054  0.000000  0.000000  0.000000 -0.308560  0.000000 ) 
 (  0.045242  0.000000 -0.055316  0.000000  0.154278  0.000000 ) 
 (  0.045243  0.000000  0.055317  0.000000  0.154282  0.000000 ) 
 ( -0.455418  0.000000  0.000002  0.000000 -0.164337  0.000000 ) 
 (  0.151601  0.000000  0.350460  0.000000  0.082168  0.000000 ) 
 (  0.151597  0.000000 -0.350463  0.000000  0.082169  0.000000 ) 
 (  0.180955  0.000000  0.000001  0.000000  0.000000  0.000000 ) 
 ( -0.354940  0.000000  0.000000  0.000000  0.103034  0.000000 ) 
 ( -0.037354  0.000000  0.183356  0.000000 -0.051516  0.000000 ) 
 ( -0.037356  0.000000 -0.183359  0.000000 -0.051517  0.000000 ) 
 ( -0.207044  0.000000 -0.000001  0.000000  0.000000  0.000000 ) 
     freq (   10) =       4.852703 [THz] =     161.868759 [cm-1]
 ( -0.000001  0.000000  0.013306  0.000000  0.000002  0.000000 ) 
 ( -0.055317  0.000000  0.109117  0.000000 -0.267222  0.000000 ) 
 (  0.055316  0.000000  0.109116  0.000000  0.267220  0.000000 ) 
 (  0.000003  0.000000  0.353938  0.000000  0.000001  0.000000 ) 
 (  0.350461  0.000000 -0.253081  0.000000 -0.142321  0.000000 ) 
 ( -0.350463  0.000000 -0.253077  0.000000  0.142320  0.000000 ) 
 ( -0.000001  0.000000  0.180955  0.000000 -0.000000  0.000000 ) 
 (  0.000002  0.000000  0.068507  0.000000 -0.000001  0.000000 ) 
 (  0.183358  0.000000 -0.249079  0.000000  0.089230  0.000000 ) 
 ( -0.183358  0.000000 -0.249077  0.000000 -0.089230  0.000000 ) 
 (  0.000001  0.000000 -0.207044  0.000000 -0.000000  0.000000 ) 
     freq (   11) =       5.259763 [THz] =     175.446794 [cm-1]
 ( -0.054517  0.000000 -0.000000  0.000000 -0.083382  0.000000 ) 
 (  0.027258  0.000000 -0.047213  0.000000 -0.083382  0.000000 ) 
 (  0.027258  0.000000  0.047213  0.000000 -0.083382  0.000000 ) 
 (  0.272072  0.000000  0.000000  0.000000  0.132333  0.000000 ) 
 ( -0.136036  0.000000  0.235621  0.000000  0.132333  0.000000 ) 
 ( -0.136036  0.000000 -0.235621  0.000000  0.132333  0.000000 ) 
 (  0.000000  0.000000 -0.000000  0.000000 -0.339477  0.000000 ) 
 (  0.333311  0.000000  0.000000  0.000000  0.264120  0.000000 ) 
 ( -0.166656  0.000000  0.288656  0.000000  0.264120  0.000000 ) 
 ( -0.166656  0.000000 -0.288656  0.000000  0.264120  0.000000 ) 
 ( -0.000000  0.000000 -0.000000  0.000000 -0.194446  0.000000 ) 
     freq (   12) =       5.573877 [THz] =     185.924514 [cm-1]
 (  0.010959  0.000000 -0.000000  0.000000 -0.007643  0.000000 ) 
 ( -0.005480  0.000000  0.009491  0.000000 -0.007643  0.000000 ) 
 ( -0.005480  0.000000 -0.009491  0.000000 -0.007643  0.000000 ) 
 ( -0.337912  0.000000 -0.000000  0.000000 -0.292031  0.000000 ) 
 (  0.168956  0.000000 -0.292641  0.000000 -0.292031  0.000000 ) 
 (  0.168956  0.000000  0.292641  0.000000 -0.292031  0.000000 ) 
 (  0.000000  0.000000 -0.000000  0.000000  0.165338  0.000000 ) 
 (  0.230621  0.000000  0.000000  0.000000  0.266659  0.000000 ) 
 ( -0.115310  0.000000  0.199723  0.000000  0.266659  0.000000 ) 
 ( -0.115310  0.000000 -0.199723  0.000000  0.266659  0.000000 ) 
 ( -0.000000  0.000000  0.000000  0.000000 -0.029138  0.000000 ) 
     freq (   13) =       5.697048 [THz] =     190.033076 [cm-1]
 ( -0.298006  0.000000  0.000001  0.000000 -0.075167  0.000000 ) 
 (  0.109432  0.000000  0.235233  0.000000  0.037583  0.000000 ) 
 (  0.109430  0.000000 -0.235235  0.000000  0.037584  0.000000 ) 
 (  0.028450  0.000000  0.000001  0.000000 -0.174399  0.000000 ) 
 (  0.127065  0.000000  0.056936  0.000000  0.087199  0.000000 ) 
 (  0.127064  0.000000 -0.056935  0.000000  0.087200  0.000000 ) 
 (  0.241615  0.000000  0.000001  0.000000 -0.000000  0.000000 ) 
 (  0.239625  0.000000 -0.000001  0.000000 -0.402752  0.000000 ) 
 ( -0.017054  0.000000 -0.148192  0.000000  0.201374  0.000000 ) 
 ( -0.017052  0.000000  0.148194  0.000000  0.201378  0.000000 ) 
 ( -0.528465  0.000000 -0.000003  0.000000  0.000000  0.000000 ) 
     freq (   14) =       5.697048 [THz] =     190.033076 [cm-1]
 ( -0.000002  0.000000 -0.245243  0.000000 -0.000000  0.000000 ) 
 ( -0.235233  0.000000  0.162195  0.000000  0.065097  0.000000 ) 
 (  0.235234  0.000000  0.162192  0.000000 -0.065097  0.000000 ) 
 (  0.000000  0.000000 -0.159936  0.000000 -0.000001  0.000000 ) 
 ( -0.056935  0.000000 -0.061321  0.000000  0.151034  0.000000 ) 
 (  0.056936  0.000000 -0.061322  0.000000 -0.151033  0.000000 ) 
 (  0.000001  0.000000 -0.241615  0.000000  0.000000  0.000000 ) 
 (  0.000001  0.000000  0.102612  0.000000 -0.000002  0.000000 ) 
 (  0.148193  0.000000 -0.154067  0.000000  0.348795  0.000000 ) 
 ( -0.148193  0.000000 -0.154065  0.000000 -0.348792  0.000000 ) 
 ( -0.000003  0.000000  0.528465  0.000000  0.000000  0.000000 ) 
     freq (   15) =       6.331459 [THz] =     211.194726 [cm-1]
 (  0.033402  0.000000  0.000000  0.000000 -0.088448  0.000000 ) 
 ( -0.016701  0.000000  0.028927  0.000000 -0.088448  0.000000 ) 
 ( -0.016701  0.000000 -0.028927  0.000000 -0.088448  0.000000 ) 
 (  0.225916  0.000000  0.000000  0.000000 -0.034106  0.000000 ) 
 ( -0.112958  0.000000  0.195649  0.000000 -0.034106  0.000000 ) 
 ( -0.112958  0.000000 -0.195649  0.000000 -0.034106  0.000000 ) 
 ( -0.000000  0.000000  0.000000  0.000000  0.875663  0.000000 ) 
 (  0.007387  0.000000 -0.000000  0.000000  0.043690  0.000000 ) 
 ( -0.003693  0.000000  0.006397  0.000000  0.043690  0.000000 ) 
 ( -0.003693  0.000000 -0.006397  0.000000  0.043690  0.000000 ) 
 ( -0.000000  0.000000 -0.000000  0.000000 -0.209533  0.000000 ) 
     freq (   16) =       6.367624 [THz] =     212.401081 [cm-1]
 (  0.025721  0.000000 -0.000000  0.000000 -0.107911  0.000000 ) 
 (  0.123055  0.000000  0.056196  0.000000  0.053956  0.000000 ) 
 (  0.123055  0.000000 -0.056196  0.000000  0.053956  0.000000 ) 
 (  0.019559  0.000000  0.000000  0.000000 -0.104090  0.000000 ) 
 ( -0.047485  0.000000 -0.038708  0.000000  0.052045  0.000000 ) 
 ( -0.047485  0.000000  0.038708  0.000000  0.052045  0.000000 ) 
 ( -0.901261  0.000000  0.000000  0.000000 -0.000000  0.000000 ) 
 ( -0.020149  0.000000 -0.000000  0.000000 -0.101860  0.000000 ) 
 (  0.176207  0.000000  0.113366  0.000000  0.050930  0.000000 ) 
 (  0.176207  0.000000 -0.113366  0.000000  0.050930  0.000000 ) 
 ( -0.071320  0.000000  0.000000  0.000000 -0.000000  0.000000 ) 
     freq (   17) =       6.367624 [THz] =     212.401081 [cm-1]
 (  0.000000  0.000000  0.155499  0.000000 -0.000000  0.000000 ) 
 (  0.056196  0.000000  0.058165  0.000000 -0.093454  0.000000 ) 
 ( -0.056196  0.000000  0.058165  0.000000  0.093454  0.000000 ) 
 (  0.000000  0.000000 -0.069833  0.000000 -0.000000  0.000000 ) 
 ( -0.038708  0.000000 -0.002789  0.000000 -0.090145  0.000000 ) 
 (  0.038708  0.000000 -0.002789  0.000000  0.090145  0.000000 ) 
 ( -0.000000  0.000000 -0.901261  0.000000  0.000000  0.000000 ) 
 ( -0.000000  0.000000  0.241659  0.000000 -0.000000  0.000000 ) 
 (  0.113366  0.000000  0.045303  0.000000 -0.088213  0.000000 ) 
 ( -0.113366  0.000000  0.045303  0.000000  0.088213  0.000000 ) 
 ( -0.000000  0.000000 -0.071320  0.000000 -0.000000  0.000000 ) 
     freq (   18) =       6.769677 [THz] =     225.812132 [cm-1]
 (  0.000000  0.000000  0.027552  0.000000 -0.000000  0.000000 ) 
 ( -0.023861  0.000000 -0.013776  0.000000 -0.000000  0.000000 ) 
 (  0.023861  0.000000 -0.013776  0.000000  0.000000  0.000000 ) 
 (  0.000000  0.000000 -0.217326  0.000000 -0.000000  0.000000 ) 
 (  0.188210  0.000000  0.108663  0.000000  0.000000  0.000000 ) 
 ( -0.188210  0.000000  0.108663  0.000000 -0.000000  0.000000 ) 
 ( -0.000000  0.000000 -0.000000  0.000000  0.000000  0.000000 ) 
 (  0.000000  0.000000  0.534176  0.000000  0.000000  0.000000 ) 
 ( -0.462610  0.000000 -0.267088  0.000000 -0.000000  0.000000 ) 
 (  0.462610  0.000000 -0.267088  0.000000  0.000000  0.000000 ) 
 ( -0.000000  0.000000  0.000000  0.000000 -0.000000  0.000000 ) 
     freq (   19) =       7.018738 [THz] =     234.119902 [cm-1]
 (  0.099372  0.000000  0.000000  0.000000 -0.069228  0.000000 ) 
 ( -0.122849  0.000000 -0.128300  0.000000  0.034614  0.000000 ) 
 ( -0.122849  0.000000  0.128300  0.000000  0.034614  0.000000 ) 
 ( -0.271589  0.000000  0.000000  0.000000  0.273193  0.000000 ) 
 ( -0.170509  0.000000  0.058359  0.000000 -0.136597  0.000000 ) 
 ( -0.170509  0.000000 -0.058358  0.000000 -0.136596  0.000000 ) 
 (  0.083183  0.000000 -0.000000  0.000000 -0.000000  0.000000 ) 
 (  0.312540  0.000000 -0.000000  0.000000 -0.471563  0.000000 ) 
 (  0.335909  0.000000  0.013492  0.000000  0.235782  0.000000 ) 
 (  0.335909  0.000000 -0.013492  0.000000  0.235781  0.000000 ) 
 ( -0.070484  0.000000  0.000000  0.000000  0.000000  0.000000 ) 
     freq (   20) =       7.018738 [THz] =     234.119902 [cm-1]
 (  0.000000  0.000000 -0.196923  0.000000 -0.000000  0.000000 ) 
 ( -0.128300  0.000000  0.025298  0.000000 -0.059953  0.000000 ) 
 (  0.128300  0.000000  0.025299  0.000000  0.059953  0.000000 ) 
 ( -0.000000  0.000000 -0.136816  0.000000  0.000000  0.000000 ) 
 (  0.058358  0.000000 -0.237896  0.000000  0.236592  0.000000 ) 
 ( -0.058359  0.000000 -0.237896  0.000000 -0.236593  0.000000 ) 
 (  0.000000  0.000000  0.083183  0.000000  0.000000  0.000000 ) 
 (  0.000000  0.000000  0.343698  0.000000 -0.000000  0.000000 ) 
 (  0.013492  0.000000  0.320329  0.000000 -0.408385  0.000000 ) 
 ( -0.013492  0.000000  0.320329  0.000000  0.408386  0.000000 ) 
 ( -0.000000  0.000000 -0.070484  0.000000 -0.000000  0.000000 ) 
     freq (   21) =       7.575537 [THz] =     252.692709 [cm-1]
 (  0.198443  0.000000 -0.000000  0.000000  0.018401  0.000000 ) 
 ( -0.099222  0.000000  0.171857  0.000000  0.018401  0.000000 ) 
 ( -0.099222  0.000000 -0.171857  0.000000  0.018401  0.000000 ) 
 (  0.040475  0.000000  0.000000  0.000000  0.028626  0.000000 ) 
 ( -0.020237  0.000000  0.035052  0.000000  0.028626  0.000000 ) 
 ( -0.020237  0.000000 -0.035052  0.000000  0.028626  0.000000 ) 
 ( -0.000000  0.000000  0.000000  0.000000  0.072070  0.000000 ) 
 (  0.378590  0.000000  0.000000  0.000000 -0.262121  0.000000 ) 
 ( -0.189295  0.000000  0.327868  0.000000 -0.262121  0.000000 ) 
 ( -0.189295  0.000000 -0.327868  0.000000 -0.262121  0.000000 ) 
 ( -0.000000  0.000000  0.000000  0.000000  0.481836  0.000000 ) 
     freq (   22) =       7.693079 [THz] =     256.613488 [cm-1]
 ( -0.321345  0.000000 -0.000000  0.000000  0.048957  0.000000 ) 
 ( -0.126457  0.000000  0.112518  0.000000 -0.024478  0.000000 ) 
 ( -0.126458  0.000000 -0.112519  0.000000 -0.024478  0.000000 ) 
 (  0.007626  0.000000  0.000000  0.000000 -0.022464  0.000000 ) 
 (  0.202625  0.000000  0.112583  0.000000  0.011232  0.000000 ) 
 (  0.202625  0.000000 -0.112583  0.000000  0.011232  0.000000 ) 
 (  0.076364  0.000000  0.000000  0.000000  0.000000  0.000000 ) 
 ( -0.166019  0.000000  0.000001  0.000000  0.073480  0.000000 ) 
 (  0.406578  0.000000  0.330589  0.000000 -0.036740  0.000000 ) 
 (  0.406578  0.000000 -0.330589  0.000000 -0.036740  0.000000 ) 
 (  0.369970  0.000000  0.000000  0.000000  0.000000  0.000000 ) 
     freq (   23) =       7.693079 [THz] =     256.613488 [cm-1]
 (  0.000000  0.000000 -0.061495  0.000000 -0.000000  0.000000 ) 
 (  0.112518  0.000000 -0.256383  0.000000  0.042398  0.000000 ) 
 ( -0.112518  0.000000 -0.256382  0.000000 -0.042398  0.000000 ) 
 ( -0.000000  0.000000  0.267625  0.000000  0.000000  0.000000 ) 
 (  0.112582  0.000000  0.072626  0.000000 -0.019454  0.000000 ) 
 ( -0.112583  0.000000  0.072626  0.000000  0.019454  0.000000 ) 
 ( -0.000000  0.000000  0.076364  0.000000 -0.000000  0.000000 ) 
 (  0.000000  0.000000  0.597443  0.000000 -0.000000  0.000000 ) 
 (  0.330588  0.000000  0.024847  0.000000  0.063635  0.000000 ) 
 ( -0.330589  0.000000  0.024847  0.000000 -0.063635  0.000000 ) 
 ( -0.000000  0.000000  0.369970  0.000000 -0.000000  0.000000 ) 
     freq (   24) =       7.793631 [THz] =     259.967560 [cm-1]
 ( -0.000000  0.000000  0.266972  0.000000  0.000000  0.000000 ) 
 ( -0.231205  0.000000 -0.133486  0.000000  0.000000  0.000000 ) 
 (  0.231205  0.000000 -0.133486  0.000000 -0.000000  0.000000 ) 
 ( -0.000000  0.000000  0.485760  0.000000 -0.000000  0.000000 ) 
 ( -0.420681  0.000000 -0.242880  0.000000 -0.000000  0.000000 ) 
 (  0.420681  0.000000 -0.242880  0.000000  0.000000  0.000000 ) 
 ( -0.000000  0.000000  0.000000  0.000000  0.000000  0.000000 ) 
 ( -0.000000  0.000000  0.161543  0.000000  0.000000  0.000000 ) 
 ( -0.139900  0.000000 -0.080772  0.000000  0.000000  0.000000 ) 
 (  0.139900  0.000000 -0.080772  0.000000 -0.000000  0.000000 ) 
 (  0.000000  0.000000  0.000000  0.000000 -0.000000  0.000000 ) 
     freq (   25) =       8.221221 [THz] =     274.230417 [cm-1]
 (  0.013698  0.000000  0.000000  0.000000 -0.039208  0.000000 ) 
 (  0.082416  0.000000  0.039674  0.000000  0.019604  0.000000 ) 
 (  0.082416  0.000000 -0.039674  0.000000  0.019604  0.000000 ) 
 (  0.093487  0.000000 -0.000001  0.000000 -0.036629  0.000000 ) 
 ( -0.391517  0.000000 -0.280017  0.000000  0.018315  0.000000 ) 
 ( -0.391516  0.000000  0.280017  0.000000  0.018315  0.000000 ) 
 (  0.304621  0.000000  0.000000  0.000000 -0.000000  0.000000 ) 
 ( -0.173547  0.000000  0.000000  0.000000  0.202702  0.000000 ) 
 (  0.217813  0.000000  0.225952  0.000000 -0.101351  0.000000 ) 
 (  0.217813  0.000000 -0.225952  0.000000 -0.101351  0.000000 ) 
 ( -0.353685  0.000000 -0.000000  0.000000  0.000000  0.000000 ) 
     freq (   26) =       8.221221 [THz] =     274.230417 [cm-1]
 (  0.000000  0.000000 -0.105322  0.000000 -0.000000  0.000000 ) 
 ( -0.039674  0.000000 -0.036604  0.000000  0.033955  0.000000 ) 
 (  0.039674  0.000000 -0.036604  0.000000 -0.033955  0.000000 ) 
 (  0.000000  0.000000  0.553184  0.000000 -0.000000  0.000000 ) 
 (  0.280017  0.000000  0.068180  0.000000  0.031722  0.000000 ) 
 ( -0.280018  0.000000  0.068181  0.000000 -0.031722  0.000000 ) 
 (  0.000000  0.000000 -0.304621  0.000000  0.000000  0.000000 ) 
 ( -0.000000  0.000000 -0.348267  0.000000  0.000000  0.000000 ) 
 ( -0.225952  0.000000  0.043094  0.000000 -0.175545  0.000000 ) 
 (  0.225952  0.000000  0.043093  0.000000  0.175545  0.000000 ) 
 ( -0.000000  0.000000  0.353685  0.000000  0.000000  0.000000 ) 
     freq (   27) =       8.630631 [THz] =     287.886853 [cm-1]
 (  0.241065  0.000000  0.000000  0.000000 -0.052131  0.000000 ) 
 ( -0.120533  0.000000  0.208769  0.000000 -0.052131  0.000000 ) 
 ( -0.120533  0.000000 -0.208769  0.000000 -0.052131  0.000000 ) 
 (  0.186725  0.000000 -0.000000  0.000000 -0.182732  0.000000 ) 
 ( -0.093362  0.000000  0.161708  0.000000 -0.182732  0.000000 ) 
 ( -0.093362  0.000000 -0.161708  0.000000 -0.182732  0.000000 ) 
 ( -0.000000  0.000000  0.000000  0.000000 -0.237159  0.000000 ) 
 ( -0.255886  0.000000 -0.000000  0.000000  0.288995  0.000000 ) 
 (  0.127943  0.000000 -0.221604  0.000000  0.288995  0.000000 ) 
 (  0.127943  0.000000  0.221604  0.000000  0.288995  0.000000 ) 
 ( -0.000000  0.000000  0.000000  0.000000  0.330919  0.000000 ) 
     freq (   28) =       8.894637 [THz] =     296.693170 [cm-1]
 ( -0.137686  0.000000  0.000000  0.000000 -0.276503  0.000000 ) 
 (  0.110671  0.000000  0.143389  0.000000  0.138251  0.000000 ) 
 (  0.110670  0.000000 -0.143389  0.000000  0.138252  0.000000 ) 
 ( -0.171979  0.000000 -0.000000  0.000000  0.293666  0.000000 ) 
 ( -0.264408  0.000000 -0.053364  0.000000 -0.146833  0.000000 ) 
 ( -0.264408  0.000000  0.053363  0.000000 -0.146834  0.000000 ) 
 (  0.090585  0.000000  0.000000  0.000000 -0.000000  0.000000 ) 
 (  0.031580  0.000000 -0.000000  0.000000 -0.008402  0.000000 ) 
 ( -0.144968  0.000000 -0.101930  0.000000  0.004201  0.000000 ) 
 ( -0.144968  0.000000  0.101930  0.000000  0.004201  0.000000 ) 
 (  0.651284  0.000000  0.000001  0.000000  0.000000  0.000000 ) 
     freq (   29) =       8.894637 [THz] =     296.693170 [cm-1]
 (  0.000000  0.000000  0.193456  0.000000  0.000000  0.000000 ) 
 (  0.143388  0.000000 -0.054901  0.000000 -0.239459  0.000000 ) 
 ( -0.143389  0.000000 -0.054900  0.000000  0.239458  0.000000 ) 
 (  0.000000  0.000000 -0.295217  0.000000 -0.000000  0.000000 ) 
 ( -0.053363  0.000000 -0.202788  0.000000  0.254323  0.000000 ) 
 (  0.053364  0.000000 -0.202789  0.000000 -0.254322  0.000000 ) 
 ( -0.000000  0.000000  0.090585  0.000000  0.000000  0.000000 ) 
 ( -0.000000  0.000000 -0.203817  0.000000  0.000000  0.000000 ) 
 ( -0.101930  0.000000 -0.027269  0.000000 -0.007276  0.000000 ) 
 (  0.101930  0.000000 -0.027269  0.000000  0.007276  0.000000 ) 
 ( -0.000001  0.000000  0.651284  0.000000 -0.000000  0.000000 ) 
     freq (   30) =      10.051757 [THz] =     335.290536 [cm-1]
 (  0.238192  0.000000  0.000000  0.000000 -0.006085  0.000000 ) 
 ( -0.119096  0.000000  0.206280  0.000000 -0.006085  0.000000 ) 
 ( -0.119096  0.000000 -0.206280  0.000000 -0.006085  0.000000 ) 
 ( -0.197024  0.000000 -0.000000  0.000000  0.262746  0.000000 ) 
 (  0.098512  0.000000 -0.170628  0.000000  0.262746  0.000000 ) 
 (  0.098512  0.000000  0.170628  0.000000  0.262746  0.000000 ) 
 (  0.000000  0.000000  0.000000  0.000000 -0.063757  0.000000 ) 
 ( -0.013309  0.000000 -0.000000  0.000000  0.010868  0.000000 ) 
 (  0.006655  0.000000 -0.011526  0.000000  0.010868  0.000000 ) 
 (  0.006655  0.000000  0.011526  0.000000  0.010868  0.000000 ) 
 (  0.000000  0.000000  0.000000  0.000000 -0.707934  0.000000 ) 
     freq (   31) =      10.393506 [THz] =     346.690044 [cm-1]
 (  0.007156  0.000000 -0.000001  0.000000 -0.262987  0.000000 ) 
 ( -0.164963  0.000000 -0.099373  0.000000  0.131493  0.000000 ) 
 ( -0.164962  0.000000  0.099373  0.000000  0.131494  0.000000 ) 
 (  0.398461  0.000000 -0.000000  0.000000 -0.550672  0.000000 ) 
 (  0.006861  0.000000 -0.226089  0.000000  0.275334  0.000000 ) 
 (  0.006863  0.000000  0.226091  0.000000  0.275338  0.000000 ) 
 (  0.086150  0.000000  0.000000  0.000000 -0.000000  0.000000 ) 
 (  0.098134  0.000000 -0.000000  0.000000 -0.131958  0.000000 ) 
 (  0.004842  0.000000 -0.053862  0.000000  0.065979  0.000000 ) 
 (  0.004842  0.000000  0.053862  0.000000  0.065979  0.000000 ) 
 (  0.238855  0.000000  0.000001  0.000000 -0.000000  0.000000 ) 
     freq (   32) =      10.393506 [THz] =     346.690044 [cm-1]
 ( -0.000000  0.000000 -0.222336  0.000000  0.000001  0.000000 ) 
 ( -0.099372  0.000000 -0.050217  0.000000 -0.227754  0.000000 ) 
 (  0.099373  0.000000 -0.050217  0.000000  0.227753  0.000000 ) 
 ( -0.000001  0.000000 -0.123671  0.000000  0.000002  0.000000 ) 
 ( -0.226090  0.000000  0.267929  0.000000 -0.476897  0.000000 ) 
 (  0.226090  0.000000  0.267927  0.000000  0.476895  0.000000 ) 
 ( -0.000000  0.000000  0.086150  0.000000  0.000000  0.000000 ) 
 ( -0.000000  0.000000 -0.026255  0.000000  0.000000  0.000000 ) 
 ( -0.053862  0.000000  0.067037  0.000000 -0.114279  0.000000 ) 
 (  0.053862  0.000000  0.067036  0.000000  0.114279  0.000000 ) 
 ( -0.000001  0.000000  0.238855  0.000000 -0.000000  0.000000 ) 
     freq (   33) =      11.705295 [THz] =     390.446605 [cm-1]
 ( -0.033455  0.000000 -0.000000  0.000000 -0.249328  0.000000 ) 
 (  0.016728  0.000000 -0.028973  0.000000 -0.249328  0.000000 ) 
 (  0.016728  0.000000  0.028973  0.000000 -0.249328  0.000000 ) 
 ( -0.231594  0.000000  0.000000  0.000000  0.336687  0.000000 ) 
 (  0.115797  0.000000 -0.200567  0.000000  0.336687  0.000000 ) 
 (  0.115797  0.000000  0.200567  0.000000  0.336687  0.000000 ) 
 (  0.000000  0.000000  0.000000  0.000000  0.134218  0.000000 ) 
 ( -0.066226  0.000000 -0.000000  0.000000  0.107620  0.000000 ) 
 (  0.033113  0.000000 -0.057354  0.000000  0.107620  0.000000 ) 
 (  0.033113  0.000000  0.057354  0.000000  0.107620  0.000000 ) 
 (  0.000000  0.000000  0.000000  0.000000  0.493203  0.000000 ) 
 **************************************************************************
