# File generated by VASP contains (un)screened Coulomb potential
# W_ijkl = [ij|kl] = < ik|W(r1,r2)|jl> 
# omega =      0.00000     0.00000
#  I   J   K   L          RE(W_IJKL)          IM(W_IJKL)
   1   1   1   1        1.4513739094        0.0000000000
   2   1   1   1        0.0017635229       -0.0000010848
   1   2   1   1        0.0017635229        0.0000011454
   2   2   1   1        0.4001034069        0.0000000000
   1   1   2   1        0.0017635229        0.0000010848
   2   1   2   1        0.0014496608       -0.0000000000
   1   2   2   1        0.0014496596        0.0000018333
   2   2   2   1        0.0017635230        0.0000010848
   1   1   1   2        0.0017635229       -0.0000011454
   2   1   1   2        0.0014496596       -0.0000018333
   1   2   1   2        0.0014496608        0.0000000000
   2   2   1   2        0.0017635229       -0.0000011455
   1   1   2   2        0.4001034069       -0.0000000000
   2   1   2   2        0.0017635229       -0.0000010848
   1   2   2   2        0.0017635229        0.0000011455
   2   2   2   2        1.4513739094       -0.0000000000
