# File generated by VASP contains Coulomb matrix elements
# V_ijkl = [ij|kl] = < ik|jl> = \int \phi*_i(r1) \phi_j(r1) \phi*_k(r2) \phi_l(r2) / |r1-r2|
#  I   J   K   L          RE(V_IJKL)          IM(V_IJKL)
   1   1   1   1        6.1263529265        0.0000000000
   2   1   1   1        0.0087175457       -0.0000055122
   1   2   1   1        0.0087175457        0.0000055122
   2   2   1   1        2.3306719523        0.0000000000
   1   1   2   1        0.0087175457        0.0000055122
   2   1   2   1        0.0029942167       -0.0000000000
   1   2   2   1        0.0029942143        0.0000037866
   2   2   2   1        0.0087175458        0.0000055124
   1   1   1   2        0.0087175457       -0.0000055122
   2   1   1   2        0.0029942143       -0.0000037866
   1   2   1   2        0.0029942167        0.0000000000
   2   2   1   2        0.0087175458       -0.0000055124
   1   1   2   2        2.3306719523       -0.0000000000
   2   1   2   2        0.0087175458       -0.0000055124
   1   2   2   2        0.0087175458        0.0000055124
   2   2   2   2        6.1263529264       -0.0000000000
