# File generated by VASP contains (un)screened Coulomb potential
# W_ijkl = [ij|kl] = < ik|W(r1,r2)|jl> 
# omega =      0.00000     0.00000
#  I   J   K   L          RE(W_IJKL)          IM(W_IJKL)
   1   1   1   1        1.1290704559       -0.0000000000
   2   1   1   1        0.0005687554       -0.0000000059
   1   2   1   1        0.0005687554       -0.0000000059
   2   2   1   1        0.2764818862       -0.0000000000
   1   1   2   1        0.0005687554        0.0000000059
   2   1   2   1        0.0005756597        0.0000000000
   1   2   2   1        0.0005756597        0.0000000000
   2   2   2   1        0.0005687554        0.0000000059
   1   1   1   2        0.0005687554        0.0000000059
   2   1   1   2        0.0005756597       -0.0000000000
   1   2   1   2        0.0005756597       -0.0000000000
   2   2   1   2        0.0005687554        0.0000000059
   1   1   2   2        0.2764818862        0.0000000000
   2   1   2   2        0.0005687554       -0.0000000059
   1   2   2   2        0.0005687554       -0.0000000059
   2   2   2   2        1.1290704559        0.0000000000
