# File generated by VASP contains Coulomb matrix elements
# V_ijkl = [ij|kl] = < ik|jl> = \int \phi*_i(r1) \phi_j(r1) \phi*_k(r2) \phi_l(r2) / |r1-r2|
#  I   J   K   L          RE(V_IJKL)          IM(V_IJKL)
   1   1   1   1        5.7527293639        0.0000000000
   2   1   1   1        0.0037119175       -0.0000000000
   1   2   1   1        0.0037119175        0.0000000000
   2   2   1   1        1.9117577607       -0.0000000000
   1   1   2   1        0.0037119175        0.0000000000
   2   1   2   1        0.0009239672        0.0000000000
   1   2   2   1        0.0009239672        0.0000000000
   2   2   2   1        0.0037119175       -0.0000000000
   1   1   1   2        0.0037119175       -0.0000000000
   2   1   1   2        0.0009239672       -0.0000000000
   1   2   1   2        0.0009239672       -0.0000000000
   2   2   1   2        0.0037119175        0.0000000000
   1   1   2   2        1.9117577607        0.0000000000
   2   1   2   2        0.0037119175        0.0000000000
   1   2   2   2        0.0037119175       -0.0000000000
   2   2   2   2        5.7527293639        0.0000000000
