# File generated by VASP contains (un)screened Coulomb potential
# W_ijkl = [ij|kl] = < ik|W(r1,r2)|jl> 
# omega =      0.00000     0.00000
#  I   J   K   L          RE(W_IJKL)          IM(W_IJKL)
   1   1   1   1        3.1683978582        0.0000000000
   2   1   1   1       -0.0007925040       -0.0000001129
   1   2   1   1       -0.0007925040       -0.0000001120
   2   2   1   1        1.1673448544       -0.0000000000
   1   1   2   1       -0.0007925040        0.0000001129
   2   1   2   1        0.0004818909       -0.0000000000
   1   2   2   1        0.0004818909        0.0000000000
   2   2   2   1       -0.0007925041        0.0000001120
   1   1   1   2       -0.0007925040        0.0000001120
   2   1   1   2        0.0004818909       -0.0000000000
   1   2   1   2        0.0004818909        0.0000000000
   2   2   1   2       -0.0007925041        0.0000001128
   1   1   2   2        1.1673448544        0.0000000000
   2   1   2   2       -0.0007925040       -0.0000001120
   1   2   2   2       -0.0007925040       -0.0000001128
   2   2   2   2        3.1683978580        0.0000000000
