# File generated by VASP contains Coulomb matrix elements
# V_ijkl = [ij|kl] = < ik|jl> = \int \phi*_i(r1) \phi_j(r1) \phi*_k(r2) \phi_l(r2) / |r1-r2|
#  I   J   K   L          RE(V_IJKL)          IM(V_IJKL)
   1   1   1   1        7.4961656663        0.0000000000
   2   1   1   1       -0.0028353015       -0.0000000009
   1   2   1   1       -0.0028353015        0.0000000009
   2   2   1   1        2.8999708143       -0.0000000000
   1   1   2   1       -0.0028353015        0.0000000009
   2   1   2   1        0.0012719772        0.0000000000
   1   2   2   1        0.0012719772        0.0000000000
   2   2   2   1       -0.0028353016       -0.0000000008
   1   1   1   2       -0.0028353015       -0.0000000009
   2   1   1   2        0.0012719772       -0.0000000000
   1   2   1   2        0.0012719772        0.0000000000
   2   2   1   2       -0.0028353016        0.0000000008
   1   1   2   2        2.8999708143        0.0000000000
   2   1   2   2       -0.0028353016        0.0000000008
   1   2   2   2       -0.0028353016       -0.0000000008
   2   2   2   2        7.4961656658       -0.0000000000
