# File generated by VASP contains (un)screened Coulomb potential
# W_ijkl = [ij|kl] = < ik|W(r1,r2)|jl> 
# omega =      0.00000     0.00000
#  I   J   K   L          RE(W_IJKL)          IM(W_IJKL)
   1   1   1   1        1.1193586164        0.0000000000
   2   1   1   1        0.0045003798        0.0000002542
   1   2   1   1        0.0045003798        0.0000002544
   2   2   1   1        0.5396903414       -0.0000000000
   1   1   2   1        0.0045003798       -0.0000002542
   2   1   2   1        0.0031460951       -0.0000000000
   1   2   2   1        0.0031460951        0.0000000000
   2   2   2   1        0.0045003798       -0.0000002544
   1   1   1   2        0.0045003798       -0.0000002544
   2   1   1   2        0.0031460951       -0.0000000000
   1   2   1   2        0.0031460951        0.0000000000
   2   2   1   2        0.0045003798       -0.0000002542
   1   1   2   2        0.5396903414        0.0000000000
   2   1   2   2        0.0045003798        0.0000002544
   1   2   2   2        0.0045003798        0.0000002542
   2   2   2   2        1.1193586164        0.0000000000
