Dynamical matrix file
Nb3F8                                                                      
  2   11   0  11.1557316   0.0000000   0.0000000   0.0000000   0.0000000   0.0000000
Basis vectors
      0.866025404    0.500000000    0.000000000
     -0.866025404    0.500000000    0.000000000
      0.000000000    0.000000000    4.116649048
           1  'Nb     '    84678.976084622787     
           2  'F      '    17315.982308275499     
    1    1      0.2520493523      0.0000000000     -0.4284350586
    2    1     -0.1260246760      0.2182811420     -0.4284350586
    3    1     -0.1260246760     -0.2182811420     -0.4284350586
    4    2      0.0000000000      0.0000000000     -0.6949788475
    5    2      0.8538709982      0.0000000000     -0.6151800473
    6    2      0.4390899046      0.2394739761     -0.6151800473
    7    2      0.4390899046     -0.2394739761     -0.6151800473
    8    2      0.5773502691     -0.0000000000     -0.2349628272
    9    2     -0.2772319726     -0.0000000000     -0.1987353803
   10    2      0.1386159862     -0.2400899310     -0.1987353803
   11    2      0.1386159862      0.2400899310     -0.1987353803

     Dynamical  Matrix in cartesian axes

     q = (    0.000000000   0.000000000   0.000000000 ) 

    1    1
  0.65698141   0.00000000     0.00000000   0.00000000    -0.02748822   0.00000000
 -0.00000000   0.00000000     0.48809215   0.00000000     0.00000000   0.00000000
 -0.02748822   0.00000000    -0.00000000   0.00000000     0.57502314   0.00000000
    1    2
 -0.24009712   0.00000000     0.15619107   0.00000000    -0.00255788   0.00000000
  0.16299797   0.00000000    -0.05581324   0.00000000     0.04073417   0.00000000
  0.03655577   0.00000000     0.01815190   0.00000000     0.08250613   0.00000000
    1    3
 -0.24009712   0.00000000    -0.15619107   0.00000000    -0.00255788   0.00000000
 -0.16299797   0.00000000    -0.05581324   0.00000000    -0.04073417   0.00000000
  0.03655577   0.00000000    -0.01815190   0.00000000     0.08250613   0.00000000
    1    4
 -0.03372579   0.00000000     0.00000000   0.00000000    -0.01826031   0.00000000
  0.00000000   0.00000000    -0.03880459   0.00000000     0.00000000   0.00000000
 -0.06668654   0.00000000     0.00000000   0.00000000    -0.12543789   0.00000000
    1    5
  0.00706850   0.00000000     0.00000000   0.00000000     0.01098937   0.00000000
  0.00000000   0.00000000    -0.01437195   0.00000000     0.00000000   0.00000000
 -0.00605848   0.00000000     0.00000000   0.00000000    -0.01717277   0.00000000
    1    6
 -0.02843033   0.00000000    -0.02577351   0.00000000     0.03830449   0.00000000
 -0.01261457   0.00000000    -0.06488491   0.00000000     0.06309262   0.00000000
  0.00758620   0.00000000     0.05167892   0.00000000    -0.09713191   0.00000000
    1    7
 -0.02843033   0.00000000     0.02577351   0.00000000     0.03830449   0.00000000
  0.01261457   0.00000000    -0.06488491   0.00000000    -0.06309262   0.00000000
  0.00758620   0.00000000    -0.05167892   0.00000000    -0.09713191   0.00000000
    1    8
 -0.02932683   0.00000000    -0.00000000   0.00000000    -0.05428111   0.00000000
 -0.00000000   0.00000000    -0.03326912   0.00000000     0.00000000   0.00000000
 -0.03273575   0.00000000     0.00000000   0.00000000    -0.07592904   0.00000000
    1    9
 -0.00248863   0.00000000     0.00000000   0.00000000    -0.00425023   0.00000000
 -0.00000000   0.00000000     0.01161761   0.00000000     0.00000000   0.00000000
  0.01836556   0.00000000     0.00000000   0.00000000    -0.02619256   0.00000000
    1   10
 -0.03072165   0.00000000    -0.00446081   0.00000000     0.01080238   0.00000000
 -0.01182007   0.00000000    -0.08578210   0.00000000     0.08960992   0.00000000
  0.01261366   0.00000000     0.08802473   0.00000000    -0.15041485   0.00000000
    1   11
 -0.03072165   0.00000000     0.00446081   0.00000000     0.01080238   0.00000000
  0.01182007   0.00000000    -0.08578210   0.00000000    -0.08960992   0.00000000
  0.01261366   0.00000000    -0.08802473   0.00000000    -0.15041485   0.00000000
    2    1
 -0.24009712   0.00000000     0.16299797   0.00000000     0.03655577   0.00000000
  0.15619107   0.00000000    -0.05581324   0.00000000     0.01815190   0.00000000
 -0.00255788   0.00000000     0.04073417   0.00000000     0.08250613   0.00000000
    2    2
  0.53031446   0.00000000    -0.07313119   0.00000000     0.01374411   0.00000000
 -0.07313119   0.00000000     0.61475909   0.00000000    -0.02380550   0.00000000
  0.01374411   0.00000000    -0.02380550   0.00000000     0.57502314   0.00000000
    2    3
  0.03632869   0.00000000    -0.00340345   0.00000000    -0.03399789   0.00000000
  0.00340345   0.00000000    -0.33223906   0.00000000    -0.02258228   0.00000000
 -0.03399789   0.00000000     0.02258228   0.00000000     0.08250613   0.00000000
    2    4
 -0.03753489   0.00000000    -0.00219919   0.00000000     0.00913015   0.00000000
 -0.00219919   0.00000000    -0.03499549   0.00000000    -0.01581389   0.00000000
  0.03334327   0.00000000    -0.05775224   0.00000000    -0.12543789   0.00000000
    2    5
 -0.03914874   0.00000000    -0.01880285   0.00000000     0.03548757   0.00000000
 -0.03196179   0.00000000    -0.05416650   0.00000000     0.06471898   0.00000000
  0.04096215   0.00000000     0.03240930   0.00000000    -0.09713191   0.00000000
    2    6
 -0.00901184   0.00000000    -0.00928398   0.00000000    -0.00549469   0.00000000
 -0.00928398   0.00000000     0.00170838   0.00000000     0.00951707   0.00000000
  0.00302924   0.00000000    -0.00524679   0.00000000    -0.01717277   0.00000000
    2    7
 -0.07239379   0.00000000    -0.01276774   0.00000000    -0.07379206   0.00000000
  0.00039119   0.00000000    -0.02092145   0.00000000     0.00162635   0.00000000
 -0.04854836   0.00000000    -0.01926961   0.00000000    -0.09713191   0.00000000
    2    8
 -0.03228354   0.00000000    -0.00170706   0.00000000     0.02714056   0.00000000
 -0.00170706   0.00000000    -0.03031240   0.00000000    -0.04700882   0.00000000
  0.01636788   0.00000000    -0.02835000   0.00000000    -0.07592904   0.00000000
    2    9
 -0.06496716   0.00000000    -0.03159173   0.00000000     0.07220327   0.00000000
 -0.02423246   0.00000000    -0.05153658   0.00000000     0.05416010   0.00000000
  0.06992482   0.00000000     0.05493612   0.00000000    -0.15041485   0.00000000
    2   10
  0.00809105   0.00000000     0.00610818   0.00000000     0.00212512   0.00000000
  0.00610818   0.00000000     0.00103793   0.00000000    -0.00368081   0.00000000
 -0.00918278   0.00000000     0.01590505   0.00000000    -0.02619256   0.00000000
    2   11
 -0.07906681   0.00000000    -0.01609202   0.00000000    -0.08300566   0.00000000
 -0.02345129   0.00000000    -0.03743693   0.00000000    -0.03544982   0.00000000
 -0.08253848   0.00000000    -0.03308861   0.00000000    -0.15041485   0.00000000
    3    1
 -0.24009712   0.00000000    -0.16299797   0.00000000     0.03655577   0.00000000
 -0.15619107   0.00000000    -0.05581324   0.00000000    -0.01815190   0.00000000
 -0.00255788   0.00000000    -0.04073417   0.00000000     0.08250613   0.00000000
    3    2
  0.03632869   0.00000000     0.00340345   0.00000000    -0.03399789   0.00000000
 -0.00340345   0.00000000    -0.33223906   0.00000000     0.02258228   0.00000000
 -0.03399789   0.00000000    -0.02258228   0.00000000     0.08250613   0.00000000
    3    3
  0.53031446   0.00000000     0.07313119   0.00000000     0.01374411   0.00000000
  0.07313119   0.00000000     0.61475909   0.00000000     0.02380550   0.00000000
  0.01374411   0.00000000     0.02380550   0.00000000     0.57502314   0.00000000
    3    4
 -0.03753489   0.00000000     0.00219919   0.00000000     0.00913015   0.00000000
  0.00219919   0.00000000    -0.03499549   0.00000000     0.01581389   0.00000000
  0.03334327   0.00000000     0.05775224   0.00000000    -0.12543789   0.00000000
    3    5
 -0.03914874   0.00000000     0.01880285   0.00000000     0.03548757   0.00000000
  0.03196179   0.00000000    -0.05416650   0.00000000    -0.06471898   0.00000000
  0.04096215   0.00000000    -0.03240930   0.00000000    -0.09713191   0.00000000
    3    6
 -0.07239379   0.00000000     0.01276774   0.00000000    -0.07379206   0.00000000
 -0.00039119   0.00000000    -0.02092145   0.00000000    -0.00162635   0.00000000
 -0.04854836   0.00000000     0.01926961   0.00000000    -0.09713191   0.00000000
    3    7
 -0.00901184   0.00000000     0.00928398   0.00000000    -0.00549469   0.00000000
  0.00928398   0.00000000     0.00170838   0.00000000    -0.00951707   0.00000000
  0.00302924   0.00000000     0.00524679   0.00000000    -0.01717277   0.00000000
    3    8
 -0.03228354   0.00000000     0.00170706   0.00000000     0.02714056   0.00000000
  0.00170706   0.00000000    -0.03031240   0.00000000     0.04700882   0.00000000
  0.01636788   0.00000000     0.02835000   0.00000000    -0.07592904   0.00000000
    3    9
 -0.06496716   0.00000000     0.03159173   0.00000000     0.07220327   0.00000000
  0.02423246   0.00000000    -0.05153658   0.00000000    -0.05416010   0.00000000
  0.06992482   0.00000000    -0.05493612   0.00000000    -0.15041485   0.00000000
    3   10
 -0.07906681   0.00000000     0.01609202   0.00000000    -0.08300566   0.00000000
  0.02345129   0.00000000    -0.03743693   0.00000000     0.03544982   0.00000000
 -0.08253848   0.00000000     0.03308861   0.00000000    -0.15041485   0.00000000
    3   11
  0.00809105   0.00000000    -0.00610818   0.00000000     0.00212512   0.00000000
 -0.00610818   0.00000000     0.00103793   0.00000000     0.00368081   0.00000000
 -0.00918278   0.00000000    -0.01590505   0.00000000    -0.02619256   0.00000000
    4    1
 -0.03372579   0.00000000     0.00000000   0.00000000    -0.06668654   0.00000000
  0.00000000   0.00000000    -0.03880459   0.00000000     0.00000000   0.00000000
 -0.01826031   0.00000000     0.00000000   0.00000000    -0.12543789   0.00000000
    4    2
 -0.03753489   0.00000000    -0.00219919   0.00000000     0.03334327   0.00000000
 -0.00219919   0.00000000    -0.03499549   0.00000000    -0.05775224   0.00000000
  0.00913015   0.00000000    -0.01581389   0.00000000    -0.12543789   0.00000000
    4    3
 -0.03753489   0.00000000     0.00219919   0.00000000     0.03334327   0.00000000
  0.00219919   0.00000000    -0.03499549   0.00000000     0.05775224   0.00000000
  0.00913015   0.00000000     0.01581389   0.00000000    -0.12543789   0.00000000
    4    4
  0.12793967   0.00000000    -0.00000000   0.00000000     0.00000000   0.00000000
 -0.00000000   0.00000000     0.12793967   0.00000000     0.00000000   0.00000000
  0.00000000   0.00000000     0.00000000   0.00000000     0.31960530   0.00000000
    4    5
  0.00197172   0.00000000     0.00000000   0.00000000    -0.00647363   0.00000000
  0.00000000   0.00000000    -0.00361756   0.00000000     0.00000000   0.00000000
 -0.00561583   0.00000000     0.00000000   0.00000000     0.01598892   0.00000000
    4    6
 -0.00222024   0.00000000    -0.00242023   0.00000000     0.00323681   0.00000000
 -0.00242023   0.00000000     0.00057440   0.00000000    -0.00560632   0.00000000
  0.00280792   0.00000000    -0.00486346   0.00000000     0.01598892   0.00000000
    4    7
 -0.00222024   0.00000000     0.00242023   0.00000000     0.00323681   0.00000000
  0.00242023   0.00000000     0.00057440   0.00000000     0.00560632   0.00000000
  0.00280792   0.00000000     0.00486346   0.00000000     0.01598892   0.00000000
    4    8
 -0.00214532   0.00000000     0.00000000   0.00000000     0.00000000   0.00000000
 -0.00000000   0.00000000    -0.00214532   0.00000000     0.00000000   0.00000000
  0.00000000   0.00000000     0.00000000   0.00000000     0.02374109   0.00000000
    4    9
 -0.00243640   0.00000000     0.00000000   0.00000000     0.01299254   0.00000000
 -0.00000000   0.00000000    -0.00529537   0.00000000     0.00000000   0.00000000
  0.00708447   0.00000000    -0.00000000   0.00000000    -0.00795181   0.00000000
    4   10
 -0.00458063   0.00000000    -0.00123797   0.00000000    -0.00649627   0.00000000
 -0.00123797   0.00000000    -0.00315115   0.00000000     0.01125187   0.00000000
 -0.00354224   0.00000000     0.00613533   0.00000000    -0.00795181   0.00000000
    4   11
 -0.00458063   0.00000000     0.00123797   0.00000000    -0.00649627   0.00000000
  0.00123797   0.00000000    -0.00315115   0.00000000    -0.01125187   0.00000000
 -0.00354224   0.00000000    -0.00613533   0.00000000    -0.00795181   0.00000000
    5    1
  0.00706850   0.00000000     0.00000000   0.00000000    -0.00605848   0.00000000
  0.00000000   0.00000000    -0.01437195   0.00000000     0.00000000   0.00000000
  0.01098937   0.00000000     0.00000000   0.00000000    -0.01717277   0.00000000
    5    2
 -0.03914874   0.00000000    -0.03196179   0.00000000     0.04096215   0.00000000
 -0.01880285   0.00000000    -0.05416650   0.00000000     0.03240930   0.00000000
  0.03548757   0.00000000     0.06471898   0.00000000    -0.09713191   0.00000000
    5    3
 -0.03914874   0.00000000     0.03196179   0.00000000     0.04096215   0.00000000
  0.01880285   0.00000000    -0.05416650   0.00000000    -0.03240930   0.00000000
  0.03548757   0.00000000    -0.06471898   0.00000000    -0.09713191   0.00000000
    5    4
  0.00197172   0.00000000    -0.00000000   0.00000000    -0.00561583   0.00000000
 -0.00000000   0.00000000    -0.00361756   0.00000000     0.00000000   0.00000000
 -0.00647363   0.00000000     0.00000000   0.00000000     0.01598892   0.00000000
    5    5
  0.09325791   0.00000000     0.00000000   0.00000000    -0.07175498   0.00000000
  0.00000000   0.00000000     0.16050084   0.00000000     0.00000000   0.00000000
 -0.07175498   0.00000000     0.00000000   0.00000000     0.15800361   0.00000000
    5    6
 -0.01328034   0.00000000     0.01032309   0.00000000     0.00024580   0.00000000
  0.00470365   0.00000000    -0.00460465   0.00000000    -0.00012554   0.00000000
 -0.00023162   0.00000000     0.00015010   0.00000000     0.01349221   0.00000000
    5    7
 -0.01328034   0.00000000    -0.01032309   0.00000000     0.00024580   0.00000000
 -0.00470365   0.00000000    -0.00460465   0.00000000     0.00012554   0.00000000
 -0.00023162   0.00000000    -0.00015010   0.00000000     0.01349221   0.00000000
    5    8
 -0.00180852   0.00000000     0.00000000   0.00000000     0.00255432   0.00000000
  0.00000000   0.00000000    -0.00243498   0.00000000    -0.00000000   0.00000000
 -0.00021546   0.00000000     0.00000000   0.00000000    -0.00150218   0.00000000
    5    9
  0.00796795   0.00000000    -0.00000000   0.00000000    -0.00137657   0.00000000
 -0.00000000   0.00000000    -0.02045649   0.00000000     0.00000000   0.00000000
 -0.00223460   0.00000000     0.00000000   0.00000000     0.01385902   0.00000000
    5   10
 -0.00086631   0.00000000    -0.00286845   0.00000000     0.00018192   0.00000000
  0.00255183   0.00000000    -0.00393596   0.00000000     0.00500872   0.00000000
 -0.00031441   0.00000000    -0.00332760   0.00000000    -0.00141599   0.00000000
    5   11
 -0.00086631   0.00000000     0.00286845   0.00000000     0.00018192   0.00000000
 -0.00255183   0.00000000    -0.00393596   0.00000000    -0.00500872   0.00000000
 -0.00031441   0.00000000     0.00332760   0.00000000    -0.00141599   0.00000000
    6    1
 -0.02843033   0.00000000    -0.01261457   0.00000000     0.00758620   0.00000000
 -0.02577351   0.00000000    -0.06488491   0.00000000     0.05167892   0.00000000
  0.03830449   0.00000000     0.06309262   0.00000000    -0.09713191   0.00000000
    6    2
 -0.00901184   0.00000000    -0.00928398   0.00000000     0.00302924   0.00000000
 -0.00928398   0.00000000     0.00170838   0.00000000    -0.00524679   0.00000000
 -0.00549469   0.00000000     0.00951707   0.00000000    -0.01717277   0.00000000
    6    3
 -0.07239379   0.00000000    -0.00039119   0.00000000    -0.04854836   0.00000000
  0.01276774   0.00000000    -0.02092145   0.00000000     0.01926961   0.00000000
 -0.07379206   0.00000000    -0.00162635   0.00000000    -0.09713191   0.00000000
    6    4
 -0.00222024   0.00000000    -0.00242023   0.00000000     0.00280792   0.00000000
 -0.00242023   0.00000000     0.00057440   0.00000000    -0.00486346   0.00000000
  0.00323681   0.00000000    -0.00560632   0.00000000     0.01598892   0.00000000
    6    5
 -0.01328034   0.00000000     0.00470365   0.00000000    -0.00023162   0.00000000
  0.01032309   0.00000000    -0.00460465   0.00000000     0.00015010   0.00000000
  0.00024580   0.00000000    -0.00012554   0.00000000     0.01349221   0.00000000
    6    6
  0.14369011   0.00000000     0.02911705   0.00000000     0.03587749   0.00000000
  0.02911705   0.00000000     0.11006864   0.00000000    -0.06214164   0.00000000
  0.03587749   0.00000000    -0.06214164   0.00000000     0.15800361   0.00000000
    6    7
 -0.00026680   0.00000000     0.00280972   0.00000000    -0.00001418   0.00000000
 -0.00280972   0.00000000    -0.01761818   0.00000000     0.00027564   0.00000000
 -0.00001418   0.00000000    -0.00027564   0.00000000     0.01349221   0.00000000
    6    8
 -0.00227836   0.00000000    -0.00027126   0.00000000    -0.00127716   0.00000000
 -0.00027126   0.00000000    -0.00196514   0.00000000     0.00221210   0.00000000
  0.00010773   0.00000000    -0.00018659   0.00000000    -0.00150218   0.00000000
    6    9
 -0.00303145   0.00000000     0.00130179   0.00000000     0.00424672   0.00000000
 -0.00411849   0.00000000    -0.00177083   0.00000000     0.00266191   0.00000000
 -0.00272458   0.00000000    -0.00193609   0.00000000    -0.00141599   0.00000000
    6   10
 -0.01335038   0.00000000    -0.01230814   0.00000000     0.00068828   0.00000000
 -0.01230814   0.00000000     0.00086184   0.00000000    -0.00119214   0.00000000
  0.00111730   0.00000000    -0.00193522   0.00000000     0.01385902   0.00000000
    6   11
 -0.00330565   0.00000000    -0.00396018   0.00000000    -0.00442864   0.00000000
  0.00146010   0.00000000    -0.00149662   0.00000000    -0.00234682   0.00000000
  0.00303899   0.00000000     0.00139151   0.00000000    -0.00141599   0.00000000
    7    1
 -0.02843033   0.00000000     0.01261457   0.00000000     0.00758620   0.00000000
  0.02577351   0.00000000    -0.06488491   0.00000000    -0.05167892   0.00000000
  0.03830449   0.00000000    -0.06309262   0.00000000    -0.09713191   0.00000000
    7    2
 -0.07239379   0.00000000     0.00039119   0.00000000    -0.04854836   0.00000000
 -0.01276774   0.00000000    -0.02092145   0.00000000    -0.01926961   0.00000000
 -0.07379206   0.00000000     0.00162635   0.00000000    -0.09713191   0.00000000
    7    3
 -0.00901184   0.00000000     0.00928398   0.00000000     0.00302924   0.00000000
  0.00928398   0.00000000     0.00170838   0.00000000     0.00524679   0.00000000
 -0.00549469   0.00000000    -0.00951707   0.00000000    -0.01717277   0.00000000
    7    4
 -0.00222024   0.00000000     0.00242023   0.00000000     0.00280792   0.00000000
  0.00242023   0.00000000     0.00057440   0.00000000     0.00486346   0.00000000
  0.00323681   0.00000000     0.00560632   0.00000000     0.01598892   0.00000000
    7    5
 -0.01328034   0.00000000    -0.00470365   0.00000000    -0.00023162   0.00000000
 -0.01032309   0.00000000    -0.00460465   0.00000000    -0.00015010   0.00000000
  0.00024580   0.00000000     0.00012554   0.00000000     0.01349221   0.00000000
    7    6
 -0.00026680   0.00000000    -0.00280972   0.00000000    -0.00001418   0.00000000
  0.00280972   0.00000000    -0.01761818   0.00000000    -0.00027564   0.00000000
 -0.00001418   0.00000000     0.00027564   0.00000000     0.01349221   0.00000000
    7    7
  0.14369011   0.00000000    -0.02911705   0.00000000     0.03587749   0.00000000
 -0.02911705   0.00000000     0.11006864   0.00000000     0.06214164   0.00000000
  0.03587749   0.00000000     0.06214164   0.00000000     0.15800361   0.00000000
    7    8
 -0.00227836   0.00000000     0.00027126   0.00000000    -0.00127716   0.00000000
  0.00027126   0.00000000    -0.00196514   0.00000000    -0.00221210   0.00000000
  0.00010773   0.00000000     0.00018659   0.00000000    -0.00150218   0.00000000
    7    9
 -0.00303145   0.00000000    -0.00130179   0.00000000     0.00424672   0.00000000
  0.00411849   0.00000000    -0.00177083   0.00000000    -0.00266191   0.00000000
 -0.00272458   0.00000000     0.00193609   0.00000000    -0.00141599   0.00000000
    7   10
 -0.00330565   0.00000000     0.00396018   0.00000000    -0.00442864   0.00000000
 -0.00146010   0.00000000    -0.00149662   0.00000000     0.00234682   0.00000000
  0.00303899   0.00000000    -0.00139151   0.00000000    -0.00141599   0.00000000
    7   11
 -0.01335038   0.00000000     0.01230814   0.00000000     0.00068828   0.00000000
  0.01230814   0.00000000     0.00086184   0.00000000     0.00119214   0.00000000
  0.00111730   0.00000000     0.00193522   0.00000000     0.01385902   0.00000000
    8    1
 -0.02932683   0.00000000    -0.00000000   0.00000000    -0.03273575   0.00000000
 -0.00000000   0.00000000    -0.03326912   0.00000000     0.00000000   0.00000000
 -0.05428111   0.00000000     0.00000000   0.00000000    -0.07592904   0.00000000
    8    2
 -0.03228354   0.00000000    -0.00170706   0.00000000     0.01636788   0.00000000
 -0.00170706   0.00000000    -0.03031240   0.00000000    -0.02835000   0.00000000
  0.02714056   0.00000000    -0.04700882   0.00000000    -0.07592904   0.00000000
    8    3
 -0.03228354   0.00000000     0.00170706   0.00000000     0.01636788   0.00000000
  0.00170706   0.00000000    -0.03031240   0.00000000     0.02835000   0.00000000
  0.02714056   0.00000000     0.04700882   0.00000000    -0.07592904   0.00000000
    8    4
 -0.00214532   0.00000000     0.00000000   0.00000000     0.00000000   0.00000000
  0.00000000   0.00000000    -0.00214532   0.00000000     0.00000000   0.00000000
  0.00000000   0.00000000     0.00000000   0.00000000     0.02374109   0.00000000
    8    5
 -0.00180852   0.00000000    -0.00000000   0.00000000    -0.00021546   0.00000000
 -0.00000000   0.00000000    -0.00243498   0.00000000     0.00000000   0.00000000
  0.00255432   0.00000000     0.00000000   0.00000000    -0.00150218   0.00000000
    8    6
 -0.00227836   0.00000000    -0.00027126   0.00000000     0.00010773   0.00000000
 -0.00027126   0.00000000    -0.00196514   0.00000000    -0.00018659   0.00000000
 -0.00127716   0.00000000     0.00221210   0.00000000    -0.00150218   0.00000000
    8    7
 -0.00227836   0.00000000     0.00027126   0.00000000     0.00010773   0.00000000
  0.00027126   0.00000000    -0.00196514   0.00000000     0.00018659   0.00000000
 -0.00127716   0.00000000    -0.00221210   0.00000000    -0.00150218   0.00000000
    8    8
  0.12442065   0.00000000     0.00000000   0.00000000     0.00000000   0.00000000
 -0.00000000   0.00000000     0.12442065   0.00000000     0.00000000   0.00000000
  0.00000000   0.00000000     0.00000000   0.00000000     0.16403553   0.00000000
    8    9
  0.00415596   0.00000000     0.00000000   0.00000000    -0.00555168   0.00000000
  0.00000000   0.00000000    -0.00996054   0.00000000    -0.00000000   0.00000000
 -0.00666868   0.00000000     0.00000000   0.00000000     0.01481444   0.00000000
    8   10
 -0.00643142   0.00000000    -0.00611263   0.00000000     0.00277584   0.00000000
 -0.00611263   0.00000000     0.00062684   0.00000000    -0.00480790   0.00000000
  0.00333434   0.00000000    -0.00577524   0.00000000     0.01481444   0.00000000
    8   11
 -0.00643142   0.00000000     0.00611263   0.00000000     0.00277584   0.00000000
  0.00611263   0.00000000     0.00062684   0.00000000     0.00480790   0.00000000
  0.00333434   0.00000000     0.00577524   0.00000000     0.01481444   0.00000000
    9    1
 -0.00248863   0.00000000    -0.00000000   0.00000000     0.01836556   0.00000000
  0.00000000   0.00000000     0.01161761   0.00000000     0.00000000   0.00000000
 -0.00425023   0.00000000     0.00000000   0.00000000    -0.02619256   0.00000000
    9    2
 -0.06496716   0.00000000    -0.02423246   0.00000000     0.06992482   0.00000000
 -0.03159173   0.00000000    -0.05153658   0.00000000     0.05493612   0.00000000
  0.07220327   0.00000000     0.05416010   0.00000000    -0.15041485   0.00000000
    9    3
 -0.06496716   0.00000000     0.02423246   0.00000000     0.06992482   0.00000000
  0.03159173   0.00000000    -0.05153658   0.00000000    -0.05493612   0.00000000
  0.07220327   0.00000000    -0.05416010   0.00000000    -0.15041485   0.00000000
    9    4
 -0.00243640   0.00000000    -0.00000000   0.00000000     0.00708447   0.00000000
 -0.00000000   0.00000000    -0.00529537   0.00000000     0.00000000   0.00000000
  0.01299254   0.00000000     0.00000000   0.00000000    -0.00795181   0.00000000
    9    5
  0.00796795   0.00000000    -0.00000000   0.00000000    -0.00223460   0.00000000
 -0.00000000   0.00000000    -0.02045649   0.00000000     0.00000000   0.00000000
 -0.00137657   0.00000000     0.00000000   0.00000000     0.01385902   0.00000000
    9    6
 -0.00303145   0.00000000    -0.00411849   0.00000000    -0.00272458   0.00000000
  0.00130179   0.00000000    -0.00177083   0.00000000    -0.00193609   0.00000000
  0.00424672   0.00000000     0.00266191   0.00000000    -0.00141599   0.00000000
    9    7
 -0.00303145   0.00000000     0.00411849   0.00000000    -0.00272458   0.00000000
 -0.00130179   0.00000000    -0.00177083   0.00000000     0.00193609   0.00000000
  0.00424672   0.00000000    -0.00266191   0.00000000    -0.00141599   0.00000000
    9    8
  0.00415596   0.00000000     0.00000000   0.00000000    -0.00666868   0.00000000
  0.00000000   0.00000000    -0.00996054   0.00000000     0.00000000   0.00000000
 -0.00555168   0.00000000     0.00000000   0.00000000     0.01481444   0.00000000
    9    9
  0.14540797   0.00000000     0.00000000   0.00000000    -0.14790775   0.00000000
  0.00000000   0.00000000     0.13507699   0.00000000     0.00000000   0.00000000
 -0.14790775   0.00000000     0.00000000   0.00000000     0.27212857   0.00000000
    9   10
 -0.00798690   0.00000000     0.00132663   0.00000000    -0.00162545   0.00000000
  0.00713774   0.00000000    -0.00310000   0.00000000    -0.00470755   0.00000000
 -0.00326414   0.00000000    -0.00376145   0.00000000     0.01893003   0.00000000
    9   11
 -0.00798690   0.00000000    -0.00132663   0.00000000    -0.00162545   0.00000000
 -0.00713774   0.00000000    -0.00310000   0.00000000     0.00470755   0.00000000
 -0.00326414   0.00000000     0.00376145   0.00000000     0.01893003   0.00000000
   10    1
 -0.03072165   0.00000000    -0.01182007   0.00000000     0.01261366   0.00000000
 -0.00446081   0.00000000    -0.08578210   0.00000000     0.08802473   0.00000000
  0.01080238   0.00000000     0.08960992   0.00000000    -0.15041485   0.00000000
   10    2
  0.00809105   0.00000000     0.00610818   0.00000000    -0.00918278   0.00000000
  0.00610818   0.00000000     0.00103793   0.00000000     0.01590505   0.00000000
  0.00212512   0.00000000    -0.00368081   0.00000000    -0.02619256   0.00000000
   10    3
 -0.07906681   0.00000000     0.02345129   0.00000000    -0.08253848   0.00000000
  0.01609202   0.00000000    -0.03743693   0.00000000     0.03308861   0.00000000
 -0.08300566   0.00000000     0.03544982   0.00000000    -0.15041485   0.00000000
   10    4
 -0.00458063   0.00000000    -0.00123797   0.00000000    -0.00354224   0.00000000
 -0.00123797   0.00000000    -0.00315115   0.00000000     0.00613533   0.00000000
 -0.00649627   0.00000000     0.01125187   0.00000000    -0.00795181   0.00000000
   10    5
 -0.00086631   0.00000000     0.00255183   0.00000000    -0.00031441   0.00000000
 -0.00286845   0.00000000    -0.00393596   0.00000000    -0.00332760   0.00000000
  0.00018192   0.00000000     0.00500872   0.00000000    -0.00141599   0.00000000
   10    6
 -0.01335038   0.00000000    -0.01230814   0.00000000     0.00111730   0.00000000
 -0.01230814   0.00000000     0.00086184   0.00000000    -0.00193522   0.00000000
  0.00068828   0.00000000    -0.00119214   0.00000000     0.01385902   0.00000000
   10    7
 -0.00330565   0.00000000    -0.00146010   0.00000000     0.00303899   0.00000000
  0.00396018   0.00000000    -0.00149662   0.00000000    -0.00139151   0.00000000
 -0.00442864   0.00000000     0.00234682   0.00000000    -0.00141599   0.00000000
   10    8
 -0.00643142   0.00000000    -0.00611263   0.00000000     0.00333434   0.00000000
 -0.00611263   0.00000000     0.00062684   0.00000000    -0.00577524   0.00000000
  0.00277584   0.00000000    -0.00480790   0.00000000     0.01481444   0.00000000
   10    9
 -0.00798690   0.00000000     0.00713774   0.00000000    -0.00326414   0.00000000
  0.00132663   0.00000000    -0.00310000   0.00000000    -0.00376145   0.00000000
 -0.00162545   0.00000000    -0.00470755   0.00000000     0.01893003   0.00000000
   10   10
  0.13765974   0.00000000    -0.00447344   0.00000000     0.07395387   0.00000000
 -0.00447344   0.00000000     0.14282523   0.00000000    -0.12809187   0.00000000
  0.07395387   0.00000000    -0.12809187   0.00000000     0.27212857   0.00000000
   10   11
 -0.00065654   0.00000000    -0.00290556   0.00000000     0.00488958   0.00000000
  0.00290556   0.00000000    -0.01043036   0.00000000     0.00094610   0.00000000
  0.00488958   0.00000000    -0.00094610   0.00000000     0.01893003   0.00000000
   11    1
 -0.03072165   0.00000000     0.01182007   0.00000000     0.01261366   0.00000000
  0.00446081   0.00000000    -0.08578210   0.00000000    -0.08802473   0.00000000
  0.01080238   0.00000000    -0.08960992   0.00000000    -0.15041485   0.00000000
   11    2
 -0.07906681   0.00000000    -0.02345129   0.00000000    -0.08253848   0.00000000
 -0.01609202   0.00000000    -0.03743693   0.00000000    -0.03308861   0.00000000
 -0.08300566   0.00000000    -0.03544982   0.00000000    -0.15041485   0.00000000
   11    3
  0.00809105   0.00000000    -0.00610818   0.00000000    -0.00918278   0.00000000
 -0.00610818   0.00000000     0.00103793   0.00000000    -0.01590505   0.00000000
  0.00212512   0.00000000     0.00368081   0.00000000    -0.02619256   0.00000000
   11    4
 -0.00458063   0.00000000     0.00123797   0.00000000    -0.00354224   0.00000000
  0.00123797   0.00000000    -0.00315115   0.00000000    -0.00613533   0.00000000
 -0.00649627   0.00000000    -0.01125187   0.00000000    -0.00795181   0.00000000
   11    5
 -0.00086631   0.00000000    -0.00255183   0.00000000    -0.00031441   0.00000000
  0.00286845   0.00000000    -0.00393596   0.00000000     0.00332760   0.00000000
  0.00018192   0.00000000    -0.00500872   0.00000000    -0.00141599   0.00000000
   11    6
 -0.00330565   0.00000000     0.00146010   0.00000000     0.00303899   0.00000000
 -0.00396018   0.00000000    -0.00149662   0.00000000     0.00139151   0.00000000
 -0.00442864   0.00000000    -0.00234682   0.00000000    -0.00141599   0.00000000
   11    7
 -0.01335038   0.00000000     0.01230814   0.00000000     0.00111730   0.00000000
  0.01230814   0.00000000     0.00086184   0.00000000     0.00193522   0.00000000
  0.00068828   0.00000000     0.00119214   0.00000000     0.01385902   0.00000000
   11    8
 -0.00643142   0.00000000     0.00611263   0.00000000     0.00333434   0.00000000
  0.00611263   0.00000000     0.00062684   0.00000000     0.00577524   0.00000000
  0.00277584   0.00000000     0.00480790   0.00000000     0.01481444   0.00000000
   11    9
 -0.00798690   0.00000000    -0.00713774   0.00000000    -0.00326414   0.00000000
 -0.00132663   0.00000000    -0.00310000   0.00000000     0.00376145   0.00000000
 -0.00162545   0.00000000     0.00470755   0.00000000     0.01893003   0.00000000
   11   10
 -0.00065654   0.00000000     0.00290556   0.00000000     0.00488958   0.00000000
 -0.00290556   0.00000000    -0.01043036   0.00000000    -0.00094610   0.00000000
  0.00488958   0.00000000     0.00094610   0.00000000     0.01893003   0.00000000
   11   11
  0.13765974   0.00000000     0.00447344   0.00000000     0.07395387   0.00000000
  0.00447344   0.00000000     0.14282523   0.00000000     0.12809187   0.00000000
  0.07395387   0.00000000     0.12809187   0.00000000     0.27212857   0.00000000

     Diagonalizing the dynamical matrix

     q = (    0.000000000   0.000000000   0.000000000 ) 

 **************************************************************************
     freq (    1) =      -0.492220 [THz] =     -16.418693 [cm-1]
 ( -0.000187  0.000000 -0.000000  0.000000 -0.301439  0.000000 ) 
 (  0.000093  0.000000 -0.000162  0.000000 -0.301439  0.000000 ) 
 (  0.000093  0.000000  0.000162  0.000000 -0.301439  0.000000 ) 
 (  0.000000  0.000000 -0.000000  0.000000 -0.309509  0.000000 ) 
 (  0.000973 -0.000000 -0.000000  0.000000 -0.301194  0.000000 ) 
 ( -0.000486  0.000000  0.000842 -0.000000 -0.301194  0.000000 ) 
 ( -0.000486  0.000000 -0.000842  0.000000 -0.301194  0.000000 ) 
 (  0.000000  0.000000 -0.000000  0.000000 -0.300195  0.000000 ) 
 (  0.001780  0.000000  0.000000  0.000000 -0.299625  0.000000 ) 
 ( -0.000890  0.000000  0.001542  0.000000 -0.299625  0.000000 ) 
 ( -0.000890  0.000000 -0.001542  0.000000 -0.299625  0.000000 ) 
     freq (    2) =       0.434070 [THz] =      14.479001 [cm-1]
 (  0.000107  0.000000  0.301749 -0.000000 -0.000004  0.000000 ) 
 ( -0.000793  0.000000  0.303307 -0.000000 -0.008599  0.000000 ) 
 (  0.001006 -0.000000  0.303307 -0.000000  0.008603 -0.000000 ) 
 (  0.000102  0.000000  0.288175 -0.000000 -0.000000  0.000000 ) 
 (  0.000101  0.000000  0.317120 -0.000000 -0.000001  0.000000 ) 
 (  0.012987 -0.000000  0.294819 -0.000000 -0.002787  0.000000 ) 
 ( -0.012769  0.000000  0.294810 -0.000000  0.002788 -0.000000 ) 
 (  0.000095  0.000000  0.268518 -0.000000 -0.000000  0.000000 ) 
 (  0.000110  0.000000  0.314247 -0.000000  0.000004  0.000000 ) 
 (  0.000809 -0.000000  0.313038 -0.000000  0.009452 -0.000000 ) 
 ( -0.000587  0.000000  0.313038 -0.000000 -0.009456  0.000000 ) 
     freq (    3) =       0.434070 [THz] =      14.479001 [cm-1]
 (  0.303826  0.000000 -0.000106  0.000000 -0.009932  0.000000 ) 
 (  0.302269  0.000000 -0.001006  0.000000  0.004969  0.000000 ) 
 (  0.302268  0.000000  0.000792  0.000000  0.004963  0.000000 ) 
 (  0.288175  0.000000 -0.000102  0.000000  0.000000  0.000000 ) 
 (  0.287379  0.000000 -0.000112  0.000000 -0.003218  0.000000 ) 
 (  0.309680  0.000000  0.012774  0.000000  0.001610  0.000000 ) 
 (  0.309689  0.000000 -0.012982  0.000000  0.001608  0.000000 ) 
 (  0.268518  0.000000 -0.000095  0.000000  0.000000  0.000000 ) 
 (  0.312635  0.000000 -0.000111  0.000000  0.010916  0.000000 ) 
 (  0.313844  0.000000  0.000588  0.000000 -0.005461  0.000000 ) 
 (  0.313844  0.000000 -0.000808  0.000000 -0.005455  0.000000 ) 
     freq (    4) =       3.030955 [THz] =     101.101765 [cm-1]
 (  0.000000  0.000000  0.340038  0.000000 -0.000000  0.000000 ) 
 ( -0.294482  0.000000 -0.170019  0.000000  0.000000  0.000000 ) 
 (  0.294482  0.000000 -0.170019  0.000000 -0.000000  0.000000 ) 
 ( -0.000000  0.000000  0.000000  0.000000 -0.000000  0.000000 ) 
 (  0.000000  0.000000 -0.232510  0.000000  0.000000  0.000000 ) 
 (  0.201359  0.000000  0.116255  0.000000  0.000000  0.000000 ) 
 ( -0.201359  0.000000  0.116255  0.000000 -0.000000  0.000000 ) 
 (  0.000000  0.000000  0.000000  0.000000 -0.000000  0.000000 ) 
 ( -0.000000  0.000000 -0.404532  0.000000 -0.000000  0.000000 ) 
 (  0.350335  0.000000  0.202266  0.000000 -0.000000  0.000000 ) 
 ( -0.350335  0.000000  0.202266  0.000000  0.000000  0.000000 ) 
     freq (    5) =       3.415416 [THz] =     113.926006 [cm-1]
 (  0.000000  0.000000  0.035526  0.000000 -0.000001  0.000000 ) 
 (  0.020187  0.000000  0.000561  0.000000  0.144749  0.000000 ) 
 ( -0.020187  0.000000  0.000561  0.000000 -0.144749  0.000000 ) 
 ( -0.000001  0.000000  0.215749  0.000000 -0.000000  0.000000 ) 
 ( -0.000002  0.000000 -0.039336  0.000000 -0.000001  0.000000 ) 
 ( -0.203576  0.000000  0.313268  0.000000  0.143099  0.000000 ) 
 (  0.203575  0.000000  0.313266  0.000000 -0.143099  0.000000 ) 
 ( -0.000000  0.000000  0.074897  0.000000 -0.000000  0.000000 ) 
 (  0.000002  0.000000 -0.163668  0.000000  0.000001  0.000000 ) 
 (  0.119675  0.000000 -0.370950  0.000000 -0.354657  0.000000 ) 
 ( -0.119673  0.000000 -0.370949  0.000000  0.354656  0.000000 ) 
     freq (    6) =       3.415416 [THz] =     113.926006 [cm-1]
 ( -0.011094  0.000000  0.000000  0.000000  0.167142  0.000000 ) 
 (  0.023871  0.000000  0.020187  0.000000 -0.083570  0.000000 ) 
 (  0.023871  0.000000 -0.020187  0.000000 -0.083571  0.000000 ) 
 (  0.215749  0.000000  0.000001  0.000000 -0.000000  0.000000 ) 
 (  0.430801  0.000000 -0.000000  0.000000  0.165236  0.000000 ) 
 (  0.078198  0.000000 -0.203574  0.000000 -0.082618  0.000000 ) 
 (  0.078199  0.000000  0.203576  0.000000 -0.082619  0.000000 ) 
 (  0.074897  0.000000  0.000000  0.000000  0.000000  0.000000 ) 
 ( -0.440043  0.000000 -0.000001  0.000000 -0.409522  0.000000 ) 
 ( -0.232762  0.000000  0.119673  0.000000  0.204760  0.000000 ) 
 ( -0.232763  0.000000 -0.119675  0.000000  0.204762  0.000000 ) 
     freq (    7) =       4.423012 [THz] =     147.535797 [cm-1]
 (  0.000001  0.000000 -0.066972  0.000000  0.000006  0.000000 ) 
 ( -0.011514  0.000000 -0.047025  0.000000 -0.188038  0.000000 ) 
 (  0.011517  0.000000 -0.047026  0.000000  0.188032 -0.000000 ) 
 (  0.000007  0.000000 -0.260497  0.000000  0.000000  0.000000 ) 
 ( -0.000014  0.000000  0.094142 -0.000000 -0.000014  0.000000 ) 
 ( -0.176163  0.000000  0.399261  0.000000  0.433382  0.000000 ) 
 (  0.176152 -0.000000  0.399251 -0.000000 -0.433368  0.000000 ) 
 (  0.000003  0.000000 -0.112913  0.000000  0.000000  0.000000 ) 
 (  0.000001  0.000000  0.179545 -0.000000 -0.000004  0.000000 ) 
 (  0.093636 -0.000000  0.017353 -0.000000  0.109009  0.000000 ) 
 ( -0.093644  0.000000  0.017359  0.000000 -0.109005  0.000000 ) 
     freq (    8) =       4.423012 [THz] =     147.535797 [cm-1]
 (  0.040377 -0.000000  0.000002  0.000000  0.217124 -0.000000 ) 
 (  0.060323  0.000000  0.011517  0.000000 -0.108557  0.000000 ) 
 (  0.060323 -0.000000 -0.011514  0.000000 -0.108567  0.000000 ) 
 (  0.260497 -0.000000  0.000007  0.000000  0.000000 -0.000000 ) 
 ( -0.500960  0.000000 -0.000003  0.000000 -0.500418  0.000000 ) 
 ( -0.195842  0.000000  0.176146 -0.000000  0.250197 -0.000000 ) 
 ( -0.195852  0.000000 -0.176169  0.000000  0.250222  0.000000 ) 
 (  0.112913 -0.000000  0.000003  0.000000  0.000000 -0.000000 ) 
 (  0.036707 -0.000000 -0.000005  0.000000 -0.125871  0.000000 ) 
 ( -0.125485  0.000000 -0.093641  0.000000  0.062932 -0.000000 ) 
 ( -0.125480  0.000000  0.093640 -0.000000  0.062938  0.000000 ) 
     freq (    9) =       6.231336 [THz] =     207.855000 [cm-1]
 ( -0.000000  0.000000 -0.024117  0.000000  0.000001  0.000000 ) 
 (  0.030657  0.000000 -0.077217  0.000000  0.161231  0.000000 ) 
 ( -0.030658  0.000000 -0.077217  0.000000 -0.161232  0.000000 ) 
 (  0.000000  0.000000  0.084730 -0.000000  0.000000  0.000000 ) 
 (  0.000002  0.000000 -0.159427  0.000000  0.000000  0.000000 ) 
 ( -0.226537  0.000000  0.232945  0.000000  0.064618  0.000000 ) 
 (  0.226537  0.000000  0.232948 -0.000000 -0.064618  0.000000 ) 
 (  0.000000  0.000000  0.006348 -0.000000  0.000000  0.000000 ) 
 (  0.000003  0.000000 -0.205215  0.000000  0.000002  0.000000 ) 
 ( -0.332075  0.000000  0.369954  0.000000  0.269325  0.000000 ) 
 (  0.332075  0.000000  0.369958 -0.000000 -0.269327  0.000000 ) 
     freq (   10) =       6.231336 [THz] =     207.855000 [cm-1]
 (  0.094917 -0.000000 -0.000000  0.000000 -0.186174  0.000000 ) 
 (  0.041817 -0.000000 -0.030658  0.000000  0.093088 -0.000000 ) 
 (  0.041817  0.000000  0.030657  0.000000  0.093086  0.000000 ) 
 ( -0.084730  0.000000  0.000000  0.000000 -0.000000  0.000000 ) 
 ( -0.363738  0.000000 -0.000001  0.000000 -0.074614  0.000000 ) 
 (  0.028635  0.000000  0.226538 -0.000000  0.037308 -0.000000 ) 
 (  0.028637 -0.000000 -0.226536  0.000000  0.037307  0.000000 ) 
 ( -0.006348  0.000000  0.000000  0.000000 -0.000000  0.000000 ) 
 ( -0.561679  0.000000 -0.000001  0.000000 -0.310991  0.000000 ) 
 (  0.013490  0.000000  0.332077 -0.000000  0.155497 -0.000000 ) 
 (  0.013493 -0.000000 -0.332073  0.000000  0.155494  0.000000 ) 
     freq (   11) =       6.289517 [THz] =     209.795704 [cm-1]
 ( -0.020016  0.000000 -0.000000  0.000000 -0.029996  0.000000 ) 
 (  0.010008  0.000000 -0.017335  0.000000 -0.029996  0.000000 ) 
 (  0.010008  0.000000  0.017335  0.000000 -0.029996  0.000000 ) 
 (  0.000000  0.000000 -0.000000  0.000000 -0.045696  0.000000 ) 
 ( -0.072592  0.000000  0.000000  0.000000 -0.069032  0.000000 ) 
 (  0.036296  0.000000 -0.062866  0.000000 -0.069032  0.000000 ) 
 (  0.036296  0.000000  0.062866  0.000000 -0.069032  0.000000 ) 
 (  0.000000  0.000000  0.000000  0.000000 -0.108905  0.000000 ) 
 (  0.493415  0.000000  0.000000  0.000000  0.271828  0.000000 ) 
 ( -0.246707  0.000000  0.427310  0.000000  0.271828  0.000000 ) 
 ( -0.246707  0.000000 -0.427310  0.000000  0.271828  0.000000 ) 
     freq (   12) =       6.923679 [THz] =     230.949058 [cm-1]
 (  0.043379  0.000000  0.000000  0.000000  0.039898  0.000000 ) 
 ( -0.021690  0.000000  0.037568  0.000000  0.039898  0.000000 ) 
 ( -0.021690  0.000000 -0.037568  0.000000  0.039898  0.000000 ) 
 ( -0.000000  0.000000 -0.000000  0.000000  0.086428  0.000000 ) 
 ( -0.478154  0.000000  0.000000  0.000000 -0.288431  0.000000 ) 
 (  0.239077  0.000000 -0.414093  0.000000 -0.288431  0.000000 ) 
 (  0.239077  0.000000  0.414093  0.000000 -0.288431  0.000000 ) 
 ( -0.000000  0.000000  0.000000  0.000000  0.167623  0.000000 ) 
 ( -0.078405  0.000000  0.000000  0.000000  0.005759  0.000000 ) 
 (  0.039202  0.000000 -0.067901  0.000000  0.005759  0.000000 ) 
 (  0.039202  0.000000  0.067901  0.000000  0.005759  0.000000 ) 
     freq (   13) =       8.156601 [THz] =     272.074935 [cm-1]
 (  0.000002  0.000000  0.310367  0.000000  0.000001  0.000000 ) 
 (  0.271791  0.000000 -0.160392  0.000000 -0.075198  0.000000 ) 
 ( -0.271793  0.000000 -0.160388  0.000000  0.075198  0.000000 ) 
 (  0.000003  0.000000 -0.380331  0.000000  0.000000  0.000000 ) 
 ( -0.000002  0.000000  0.095656  0.000000  0.000004  0.000000 ) 
 ( -0.059274  0.000000  0.198321  0.000000 -0.422922  0.000000 ) 
 (  0.059272  0.000000  0.198320  0.000000  0.422918  0.000000 ) 
 (  0.000002  0.000000 -0.213200  0.000000 -0.000000  0.000000 ) 
 ( -0.000000  0.000000  0.039048  0.000000  0.000001  0.000000 ) 
 (  0.001128  0.000000  0.037095  0.000000 -0.152028  0.000000 ) 
 ( -0.001128  0.000000  0.037095  0.000000  0.152027  0.000000 ) 
     freq (   14) =       8.156601 [THz] =     272.074935 [cm-1]
 (  0.317309  0.000000 -0.000002  0.000000  0.086831  0.000000 ) 
 ( -0.153450  0.000000 -0.271790  0.000000 -0.043415  0.000000 ) 
 ( -0.153446  0.000000  0.271793  0.000000 -0.043416  0.000000 ) 
 (  0.380331  0.000000  0.000003  0.000000  0.000000  0.000000 ) 
 ( -0.232542  0.000000 -0.000001  0.000000  0.488346  0.000000 ) 
 ( -0.129877  0.000000  0.059272  0.000000 -0.244170  0.000000 ) 
 ( -0.129878  0.000000 -0.059275  0.000000 -0.244176  0.000000 ) 
 (  0.213200  0.000000  0.000002  0.000000 -0.000000  0.000000 ) 
 ( -0.036443  0.000000 -0.000000  0.000000  0.175546  0.000000 ) 
 ( -0.038397  0.000000 -0.001128  0.000000 -0.087772  0.000000 ) 
 ( -0.038397  0.000000  0.001128  0.000000 -0.087774  0.000000 ) 
     freq (   15) =       8.859324 [THz] =     295.515248 [cm-1]
 ( -0.000000  0.000000 -0.021159  0.000000  0.000000  0.000000 ) 
 (  0.007677  0.000000 -0.034455  0.000000  0.013189  0.000000 ) 
 ( -0.007677  0.000000 -0.034455  0.000000 -0.013189  0.000000 ) 
 ( -0.000000  0.000000 -0.368877  0.000000 -0.000000  0.000000 ) 
 (  0.000000  0.000000 -0.067654  0.000000 -0.000000  0.000000 ) 
 ( -0.039318  0.000000  0.000447  0.000000 -0.037536  0.000000 ) 
 (  0.039318  0.000000  0.000447  0.000000  0.037536  0.000000 ) 
 (  0.000001  0.000000  0.912386  0.000000 -0.000000  0.000000 ) 
 ( -0.000000  0.000000  0.086877  0.000000  0.000000  0.000000 ) 
 (  0.059513  0.000000 -0.016203  0.000000  0.035705  0.000000 ) 
 ( -0.059513  0.000000 -0.016203  0.000000 -0.035705  0.000000 ) 
     freq (   16) =       8.859324 [THz] =     295.515248 [cm-1]
 ( -0.038888  0.000000  0.000000  0.000000  0.015229  0.000000 ) 
 ( -0.025591  0.000000  0.007677  0.000000 -0.007615  0.000000 ) 
 ( -0.025591  0.000000 -0.007677  0.000000 -0.007615  0.000000 ) 
 ( -0.368877  0.000000  0.000000  0.000000 -0.000000  0.000000 ) 
 (  0.023147  0.000000  0.000000  0.000000 -0.043342  0.000000 ) 
 ( -0.044953  0.000000 -0.039318  0.000000  0.021671  0.000000 ) 
 ( -0.044954  0.000000  0.039318  0.000000  0.021671  0.000000 ) 
 (  0.912386  0.000000 -0.000001  0.000000  0.000000  0.000000 ) 
 ( -0.050563  0.000000 -0.000000  0.000000  0.041229  0.000000 ) 
 (  0.052517  0.000000  0.059513  0.000000 -0.020614  0.000000 ) 
 (  0.052517  0.000000 -0.059513  0.000000 -0.020614  0.000000 ) 
     freq (   17) =       9.348652 [THz] =     311.837456 [cm-1]
 ( -0.000000  0.000000 -0.019173  0.000000 -0.000000  0.000000 ) 
 (  0.071476 -0.000000 -0.142973  0.000000 -0.032120  0.000000 ) 
 ( -0.071476  0.000000 -0.142973  0.000000  0.032120 -0.000000 ) 
 (  0.000000  0.000000  0.788511 -0.000000 -0.000000  0.000000 ) 
 ( -0.000000  0.000000 -0.001626  0.000000  0.000000  0.000000 ) 
 (  0.036261 -0.000000 -0.064431  0.000000  0.068505 -0.000000 ) 
 ( -0.036261  0.000000 -0.064431  0.000000 -0.068505  0.000000 ) 
 (  0.000000  0.000000  0.213119 -0.000000  0.000000 -0.000000 ) 
 (  0.000000  0.000000  0.415144 -0.000000  0.000000  0.000000 ) 
 (  0.172277 -0.000000  0.116752 -0.000000  0.002558 -0.000000 ) 
 ( -0.172277  0.000000  0.116752 -0.000000 -0.002558  0.000000 ) 
     freq (   18) =       9.348652 [THz] =     311.837456 [cm-1]
 ( -0.184240  0.000000  0.000000  0.000000 -0.037089  0.000000 ) 
 ( -0.060439  0.000000  0.071476  0.000000  0.018545  0.000000 ) 
 ( -0.060439  0.000000 -0.071476  0.000000  0.018544  0.000000 ) 
 (  0.788511  0.000000 -0.000000  0.000000 -0.000000  0.000000 ) 
 ( -0.085366  0.000000  0.000000  0.000000  0.079103  0.000000 ) 
 ( -0.022561  0.000000  0.036261  0.000000 -0.039551  0.000000 ) 
 ( -0.022561  0.000000 -0.036261  0.000000 -0.039551  0.000000 ) 
 (  0.213119  0.000000 -0.000000  0.000000  0.000000  0.000000 ) 
 (  0.017288  0.000000 -0.000000  0.000000  0.002953  0.000000 ) 
 (  0.315680  0.000000  0.172277  0.000000 -0.001477  0.000000 ) 
 (  0.315680  0.000000 -0.172277  0.000000 -0.001477  0.000000 ) 
     freq (   19) =       9.526525 [THz] =     317.770677 [cm-1]
 ( -0.105327  0.000000 -0.000000  0.000000  0.032549  0.000000 ) 
 (  0.052664  0.000000 -0.091216  0.000000  0.032549  0.000000 ) 
 (  0.052664  0.000000  0.091216  0.000000  0.032549  0.000000 ) 
 (  0.000000  0.000000  0.000000  0.000000  0.161238  0.000000 ) 
 ( -0.130702  0.000000 -0.000000  0.000000  0.033707  0.000000 ) 
 (  0.065351  0.000000 -0.113192  0.000000  0.033707  0.000000 ) 
 (  0.065351  0.000000  0.113192  0.000000  0.033707  0.000000 ) 
 (  0.000000  0.000000  0.000000  0.000000 -0.912347  0.000000 ) 
 ( -0.117821  0.000000  0.000000  0.000000  0.054352  0.000000 ) 
 (  0.058910  0.000000 -0.102036  0.000000  0.054352  0.000000 ) 
 (  0.058910  0.000000  0.102036  0.000000  0.054352  0.000000 ) 
     freq (   20) =       9.791886 [THz] =     326.622172 [cm-1]
 ( -0.000000  0.000000  0.150228  0.000000 -0.000000  0.000000 ) 
 ( -0.130101  0.000000 -0.075114  0.000000  0.000000  0.000000 ) 
 (  0.130101  0.000000 -0.075114  0.000000 -0.000000  0.000000 ) 
 (  0.000000  0.000000 -0.000000  0.000000  0.000000  0.000000 ) 
 ( -0.000000  0.000000  0.132139  0.000000  0.000000  0.000000 ) 
 ( -0.114436  0.000000 -0.066070  0.000000 -0.000000  0.000000 ) 
 (  0.114436  0.000000 -0.066070  0.000000  0.000000  0.000000 ) 
 ( -0.000000  0.000000 -0.000000  0.000000 -0.000000  0.000000 ) 
 (  0.000000  0.000000  0.541576  0.000000 -0.000000  0.000000 ) 
 ( -0.469018  0.000000 -0.270788  0.000000  0.000000  0.000000 ) 
 (  0.469018  0.000000 -0.270788  0.000000 -0.000000  0.000000 ) 
     freq (   21) =      10.252236 [THz] =     341.977787 [cm-1]
 (  0.000000  0.000000 -0.033155  0.000000  0.000000  0.000000 ) 
 (  0.028713  0.000000  0.016578  0.000000  0.000000  0.000000 ) 
 ( -0.028713  0.000000  0.016578  0.000000 -0.000000  0.000000 ) 
 ( -0.000000  0.000000 -0.000000  0.000000 -0.000000  0.000000 ) 
 (  0.000000  0.000000 -0.548002  0.000000 -0.000000  0.000000 ) 
 (  0.474584  0.000000  0.274001  0.000000 -0.000000  0.000000 ) 
 ( -0.474584  0.000000  0.274001  0.000000  0.000000  0.000000 ) 
 ( -0.000000  0.000000 -0.000000  0.000000  0.000000  0.000000 ) 
 ( -0.000000  0.000000  0.178683  0.000000 -0.000000  0.000000 ) 
 ( -0.154744  0.000000 -0.089341  0.000000  0.000000  0.000000 ) 
 (  0.154744  0.000000 -0.089341  0.000000 -0.000000  0.000000 ) 
     freq (   22) =      10.507448 [THz] =     350.490728 [cm-1]
 ( -0.000000  0.000000  0.062725  0.000000 -0.000000  0.000000 ) 
 (  0.045355  0.000000 -0.015832  0.000000 -0.122174  0.000000 ) 
 ( -0.045355  0.000000 -0.015832  0.000000  0.122174  0.000000 ) 
 (  0.000001  0.000000  0.290581  0.000000 -0.000000  0.000000 ) 
 ( -0.000000  0.000000  0.256187  0.000000  0.000000  0.000000 ) 
 (  0.158681  0.000000 -0.018656  0.000000  0.140428  0.000000 ) 
 ( -0.158681  0.000000 -0.018657  0.000000 -0.140429  0.000000 ) 
 (  0.000001  0.000000  0.272528  0.000000  0.000000  0.000000 ) 
 (  0.000000  0.000000 -0.654573  0.000000  0.000000  0.000000 ) 
 ( -0.303998  0.000000 -0.128036  0.000000  0.018447  0.000000 ) 
 (  0.303996  0.000000 -0.128035  0.000000 -0.018448  0.000000 ) 
     freq (   23) =      10.507448 [THz] =     350.490728 [cm-1]
 (  0.042018  0.000000  0.000000  0.000000  0.141074  0.000000 ) 
 ( -0.036539  0.000000 -0.045355  0.000000 -0.070537  0.000000 ) 
 ( -0.036539  0.000000  0.045355  0.000000 -0.070537  0.000000 ) 
 ( -0.290581  0.000000  0.000001  0.000000 -0.000000  0.000000 ) 
 (  0.110271  0.000000  0.000000  0.000000 -0.162153  0.000000 ) 
 ( -0.164572  0.000000 -0.158681  0.000000  0.081077  0.000000 ) 
 ( -0.164573  0.000000  0.158681  0.000000  0.081076  0.000000 ) 
 ( -0.272528  0.000000  0.000001  0.000000  0.000000  0.000000 ) 
 ( -0.047477  0.000000 -0.000001  0.000000 -0.021301  0.000000 ) 
 (  0.479060  0.000000  0.303996  0.000000  0.010651  0.000000 ) 
 (  0.479061  0.000000 -0.303997  0.000000  0.010651  0.000000 ) 
     freq (   24) =      10.659386 [THz] =     355.558829 [cm-1]
 ( -0.000000  0.000000 -0.120266  0.000000  0.000000  0.000000 ) 
 ( -0.030749  0.000000 -0.067007  0.000000  0.099463  0.000000 ) 
 (  0.030749  0.000000 -0.067007  0.000000 -0.099463  0.000000 ) 
 ( -0.000000  0.000000 -0.105423  0.000000 -0.000000  0.000000 ) 
 (  0.000000  0.000000  0.783115  0.000000 -0.000000  0.000000 ) 
 (  0.331708  0.000000  0.208581  0.000000 -0.079090  0.000000 ) 
 ( -0.331707  0.000000  0.208581  0.000000  0.079090  0.000000 ) 
 ( -0.000000  0.000000 -0.024723  0.000000  0.000000  0.000000 ) 
 (  0.000000  0.000000  0.081759  0.000000  0.000000  0.000000 ) 
 (  0.033279  0.000000  0.024118  0.000000  0.010942  0.000000 ) 
 ( -0.033279  0.000000  0.024118  0.000000 -0.010942  0.000000 ) 
     freq (   25) =      10.659386 [THz] =     355.558829 [cm-1]
 (  0.049254  0.000000 -0.000000  0.000000 -0.114850  0.000000 ) 
 (  0.102513  0.000000  0.030749  0.000000  0.057425  0.000000 ) 
 (  0.102513  0.000000 -0.030749  0.000000  0.057425  0.000000 ) 
 (  0.105423  0.000000 -0.000000  0.000000 -0.000000  0.000000 ) 
 ( -0.017070  0.000000  0.000000  0.000000  0.091326  0.000000 ) 
 ( -0.591604  0.000000 -0.331707  0.000000 -0.045663  0.000000 ) 
 ( -0.591604  0.000000  0.331708  0.000000 -0.045663  0.000000 ) 
 (  0.024723  0.000000 -0.000000  0.000000  0.000000  0.000000 ) 
 ( -0.004904  0.000000  0.000000  0.000000 -0.012635  0.000000 ) 
 ( -0.062545  0.000000 -0.033279  0.000000  0.006317  0.000000 ) 
 ( -0.062545  0.000000  0.033279  0.000000  0.006317  0.000000 ) 
     freq (   26) =      11.229619 [THz] =     374.579758 [cm-1]
 ( -0.144065  0.000000 -0.000000  0.000000 -0.032992  0.000000 ) 
 (  0.072032  0.000000 -0.124764  0.000000 -0.032992  0.000000 ) 
 (  0.072032  0.000000  0.124764  0.000000 -0.032992  0.000000 ) 
 (  0.000000  0.000000  0.000000  0.000000 -0.442649  0.000000 ) 
 ( -0.289712  0.000000 -0.000000  0.000000  0.346507  0.000000 ) 
 (  0.144856  0.000000 -0.250898  0.000000  0.346507  0.000000 ) 
 (  0.144856  0.000000  0.250898  0.000000  0.346507  0.000000 ) 
 (  0.000000  0.000000 -0.000000  0.000000  0.272579  0.000000 ) 
 (  0.042648  0.000000  0.000000  0.000000 -0.124868  0.000000 ) 
 ( -0.021324  0.000000  0.036934  0.000000 -0.124868  0.000000 ) 
 ( -0.021324  0.000000 -0.036934  0.000000 -0.124868  0.000000 ) 
     freq (   27) =      11.880171 [THz] =     396.279848 [cm-1]
 ( -0.000000  0.000000  0.113396 -0.000000  0.000001  0.000000 ) 
 (  0.076747  0.000000 -0.019533  0.000000  0.085965 -0.000000 ) 
 ( -0.076746  0.000000 -0.019534  0.000000 -0.085966  0.000000 ) 
 ( -0.000002  0.000000 -0.273616  0.000000 -0.000000  0.000000 ) 
 ( -0.000002  0.000000  0.036289 -0.000000  0.000004  0.000000 ) 
 (  0.177703 -0.000000 -0.271502  0.000000  0.495000 -0.000000 ) 
 ( -0.177704  0.000000 -0.271504  0.000000 -0.495004  0.000000 ) 
 ( -0.000000  0.000000 -0.044100  0.000000 -0.000000  0.000000 ) 
 (  0.000001  0.000000  0.099902 -0.000000 -0.000002  0.000000 ) 
 ( -0.042846  0.000000  0.174115 -0.000000 -0.231049  0.000000 ) 
 (  0.042848  0.000000  0.174116  0.000000  0.231051  0.000000 ) 
     freq (   28) =      11.880171 [THz] =     396.279848 [cm-1]
 ( -0.063843  0.000000 -0.000001  0.000000  0.099264 -0.000000 ) 
 (  0.069085 -0.000000  0.076747  0.000000 -0.049633  0.000000 ) 
 (  0.069086  0.000000 -0.076746  0.000000 -0.049632  0.000000 ) 
 ( -0.273616  0.000000  0.000002  0.000000 -0.000000  0.000000 ) 
 ( -0.374100  0.000000 -0.000000  0.000000  0.571579 -0.000000 ) 
 ( -0.066310  0.000000  0.177705  0.000000 -0.285793  0.000000 ) 
 ( -0.066307  0.000000 -0.177702  0.000000 -0.285786  0.000000 ) 
 ( -0.044100  0.000000  0.000000  0.000000  0.000000  0.000000 ) 
 (  0.198853 -0.000000 -0.000001  0.000000 -0.266793  0.000000 ) 
 (  0.124640  0.000000 -0.042848  0.000000  0.133398  0.000000 ) 
 (  0.124639 -0.000000  0.042846 -0.000000  0.133395 -0.000000 ) 
     freq (   29) =      13.365690 [THz] =     445.831440 [cm-1]
 ( -0.271645  0.000000 -0.000000  0.000000  0.021507  0.000000 ) 
 (  0.135823  0.000000 -0.235252  0.000000  0.021507  0.000000 ) 
 (  0.135823  0.000000  0.235252  0.000000  0.021507  0.000000 ) 
 ( -0.000000  0.000000 -0.000000  0.000000  0.212642  0.000000 ) 
 (  0.188641  0.000000 -0.000000  0.000000 -0.375544  0.000000 ) 
 ( -0.094320  0.000000  0.163368  0.000000 -0.375544  0.000000 ) 
 ( -0.094320  0.000000 -0.163368  0.000000 -0.375544  0.000000 ) 
 (  0.000000  0.000000  0.000000  0.000000  0.422541  0.000000 ) 
 ( -0.066810  0.000000  0.000000  0.000000  0.058409  0.000000 ) 
 (  0.033405  0.000000 -0.057859  0.000000  0.058409  0.000000 ) 
 (  0.033405  0.000000  0.057859  0.000000  0.058409  0.000000 ) 
     freq (   30) =      15.048090 [THz] =     501.950259 [cm-1]
 ( -0.012773  0.000000 -0.000000  0.000000 -0.045140  0.000000 ) 
 (  0.006386  0.000000 -0.011062  0.000000 -0.045140  0.000000 ) 
 (  0.006386  0.000000  0.011062  0.000000 -0.045140  0.000000 ) 
 ( -0.000000  0.000000  0.000000  0.000000  0.837508  0.000000 ) 
 ( -0.067982  0.000000  0.000000  0.000000  0.129083  0.000000 ) 
 (  0.033991  0.000000 -0.058874  0.000000  0.129083  0.000000 ) 
 (  0.033991  0.000000  0.058874  0.000000  0.129083  0.000000 ) 
 ( -0.000000  0.000000  0.000000  0.000000  0.091401  0.000000 ) 
 (  0.149122  0.000000 -0.000000  0.000000 -0.225877  0.000000 ) 
 ( -0.074561  0.000000  0.129143  0.000000 -0.225877  0.000000 ) 
 ( -0.074561  0.000000 -0.129143  0.000000 -0.225877  0.000000 ) 
     freq (   31) =      15.956324 [THz] =     532.245694 [cm-1]
 (  0.000000  0.000000 -0.135702  0.000000 -0.000000  0.000000 ) 
 ( -0.070414  0.000000 -0.013743  0.000000 -0.078290  0.000000 ) 
 (  0.070413  0.000000 -0.013742  0.000000  0.078290  0.000000 ) 
 (  0.000000  0.000000  0.012138  0.000000  0.000000  0.000000 ) 
 (  0.000000  0.000000 -0.037068  0.000000 -0.000001  0.000000 ) 
 ( -0.059348  0.000000  0.065726  0.000000 -0.130614  0.000000 ) 
 (  0.059348  0.000000  0.065726  0.000000  0.130615  0.000000 ) 
 (  0.000000  0.000000  0.064251  0.000000 -0.000000  0.000000 ) 
 (  0.000001  0.000000 -0.013463  0.000000 -0.000002  0.000000 ) 
 ( -0.193947  0.000000  0.322464  0.000000 -0.556865  0.000000 ) 
 (  0.193948  0.000000  0.322465  0.000000  0.556867  0.000000 ) 
     freq (   32) =      15.956324 [THz] =     532.245694 [cm-1]
 ( -0.026911  0.000000 -0.000000  0.000000  0.090402  0.000000 ) 
 (  0.095048  0.000000  0.070413  0.000000 -0.045201  0.000000 ) 
 (  0.095049  0.000000 -0.070413  0.000000 -0.045201  0.000000 ) 
 ( -0.012138  0.000000  0.000000  0.000000 -0.000000  0.000000 ) 
 ( -0.099991  0.000000 -0.000000  0.000000  0.150821  0.000000 ) 
 (  0.002803  0.000000  0.059349  0.000000 -0.075411  0.000000 ) 
 (  0.002804  0.000000 -0.059348  0.000000 -0.075410  0.000000 ) 
 ( -0.064251  0.000000  0.000000  0.000000 -0.000000  0.000000 ) 
 ( -0.434440  0.000000 -0.000000  0.000000  0.643013  0.000000 ) 
 ( -0.098513  0.000000  0.193949  0.000000 -0.321509  0.000000 ) 
 ( -0.098512  0.000000 -0.193947  0.000000 -0.321505  0.000000 ) 
     freq (   33) =      17.926783 [THz] =     597.973116 [cm-1]
 (  0.004221  0.000000  0.000000  0.000000 -0.148938  0.000000 ) 
 ( -0.002110  0.000000  0.003655  0.000000 -0.148938  0.000000 ) 
 ( -0.002110  0.000000 -0.003655  0.000000 -0.148938  0.000000 ) 
 ( -0.000000  0.000000 -0.000000  0.000000  0.268575  0.000000 ) 
 ( -0.061504  0.000000  0.000000  0.000000  0.142759  0.000000 ) 
 (  0.030752  0.000000 -0.053264  0.000000  0.142759  0.000000 ) 
 (  0.030752  0.000000  0.053264  0.000000  0.142759  0.000000 ) 
 ( -0.000000  0.000000 -0.000000  0.000000  0.179518  0.000000 ) 
 ( -0.250724  0.000000  0.000000  0.000000  0.435110  0.000000 ) 
 (  0.125362  0.000000 -0.217134  0.000000  0.435110  0.000000 ) 
 (  0.125362  0.000000  0.217134  0.000000  0.435110  0.000000 ) 
 **************************************************************************
