Dynamical matrix file
Nb3Br8                                                                     
  2   11   0  13.3935928   0.0000000   0.0000000   0.0000000   0.0000000   0.0000000
Basis vectors
      0.866025404    0.500000000    0.000000000
     -0.866025404    0.500000000    0.000000000
      0.000000000    0.000000000    4.561237738
           1  'Nb     '    84678.976084622787     
           2  'Br     '    72828.040801354087     
    1    1      0.2343915072      0.0000000000     -0.4658352004
    2    1     -0.1171957535      0.2029889996     -0.4658352004
    3    1     -0.1171957535     -0.2029889996     -0.4658352004
    4    2      0.0000000000      0.0000000000     -0.7466792250
    5    2     -0.8612290796     -0.0000000000     -0.6686237352
    6    2     -0.4354108639     -0.2458462614     -0.6686237352
    7    2     -0.4354108639      0.2458462614     -0.6686237352
    8    2      0.5773502691     -0.0000000000     -0.2647045693
    9    2     -0.2867850318      0.0000000000     -0.2154095316
   10    2      0.1433925157     -0.2483631228     -0.2154095316
   11    2      0.1433925157      0.2483631228     -0.2154095316

     Dynamical  Matrix in cartesian axes

     q = (    0.000000000   0.000000000   0.000000000 ) 

    1    1
  0.31058378   0.00000000     0.00000000   0.00000000     0.02815559   0.00000000
  0.00000000   0.00000000     0.27145800   0.00000000     0.00000000   0.00000000
  0.02815559   0.00000000     0.00000000   0.00000000     0.37668334   0.00000000
    1    2
 -0.07688015   0.00000000     0.05217242   0.00000000    -0.00166858   0.00000000
  0.03724875   0.00000000    -0.02525281   0.00000000     0.01290868   0.00000000
  0.01201354   0.00000000     0.00500931   0.00000000    -0.00626444   0.00000000
    1    3
 -0.07688015   0.00000000    -0.05217242   0.00000000    -0.00166858   0.00000000
 -0.03724875   0.00000000    -0.02525281   0.00000000    -0.01290868   0.00000000
  0.01201354   0.00000000    -0.00500931   0.00000000    -0.00626444   0.00000000
    1    4
 -0.05658738   0.00000000     0.00000000   0.00000000    -0.04899293   0.00000000
 -0.00000000   0.00000000    -0.01723040   0.00000000     0.00000000   0.00000000
 -0.07763581   0.00000000     0.00000000   0.00000000    -0.08455060   0.00000000
    1    5
  0.00058883   0.00000000     0.00000000   0.00000000     0.00377523   0.00000000
  0.00000000   0.00000000    -0.01001567   0.00000000     0.00000000   0.00000000
 -0.00370403   0.00000000     0.00000000   0.00000000    -0.00346375   0.00000000
    1    6
 -0.01956332   0.00000000    -0.01574898   0.00000000     0.00475245   0.00000000
 -0.01121713   0.00000000    -0.03052545   0.00000000     0.02118303   0.00000000
  0.00017533   0.00000000     0.02419576   0.00000000    -0.04050725   0.00000000
    1    7
 -0.01956332   0.00000000     0.01574898   0.00000000     0.00475245   0.00000000
  0.01121713   0.00000000    -0.03052545   0.00000000    -0.02118303   0.00000000
  0.00017533   0.00000000    -0.02419576   0.00000000    -0.04050725   0.00000000
    1    8
 -0.02275276   0.00000000     0.00000000   0.00000000    -0.01387006   0.00000000
  0.00000000   0.00000000    -0.01920102   0.00000000     0.00000000   0.00000000
 -0.01394139   0.00000000     0.00000000   0.00000000    -0.03052050   0.00000000
    1    9
 -0.01132772   0.00000000     0.00000000   0.00000000     0.00251873   0.00000000
  0.00000000   0.00000000     0.00203091   0.00000000     0.00000000   0.00000000
  0.00544036   0.00000000    -0.00000000   0.00000000    -0.00698856   0.00000000
    1   10
 -0.01354719   0.00000000    -0.00918269   0.00000000     0.01144918   0.00000000
 -0.02127256   0.00000000    -0.05743220   0.00000000     0.05591595   0.00000000
  0.01791547   0.00000000     0.06166636   0.00000000    -0.07892437   0.00000000
    1   11
 -0.01354719   0.00000000     0.00918269   0.00000000     0.01144918   0.00000000
  0.02127256   0.00000000    -0.05743220   0.00000000    -0.05591595   0.00000000
  0.01791547   0.00000000    -0.06166636   0.00000000    -0.07892437   0.00000000
    2    1
 -0.07688015   0.00000000     0.03724875   0.00000000     0.01201354   0.00000000
  0.05217242   0.00000000    -0.02525281   0.00000000     0.00500931   0.00000000
 -0.00166858   0.00000000     0.01290868   0.00000000    -0.00626444   0.00000000
    2    2
  0.28123944   0.00000000    -0.01694196   0.00000000    -0.01407779   0.00000000
 -0.01694196   0.00000000     0.30080234   0.00000000     0.02438346   0.00000000
 -0.01407779   0.00000000     0.02438346   0.00000000     0.37668334   0.00000000
    2    3
  0.00056086   0.00000000     0.00746183   0.00000000    -0.01034495   0.00000000
 -0.00746183   0.00000000    -0.10269381   0.00000000    -0.00789938   0.00000000
 -0.01034495   0.00000000     0.00789938   0.00000000    -0.00626444   0.00000000
    2    4
 -0.02706964   0.00000000     0.01704207   0.00000000     0.02449646   0.00000000
  0.01704207   0.00000000    -0.04674813   0.00000000    -0.04242912   0.00000000
  0.03881791   0.00000000    -0.06723459   0.00000000    -0.08455060   0.00000000
    2    5
 -0.01610825   0.00000000    -0.00922235   0.00000000     0.01596882   0.00000000
 -0.01375419   0.00000000    -0.03398052   0.00000000     0.01470725   0.00000000
  0.02086648   0.00000000     0.01224972   0.00000000    -0.04050725   0.00000000
    2    6
 -0.00736454   0.00000000    -0.00459188   0.00000000    -0.00188761   0.00000000
 -0.00459188   0.00000000    -0.00206230   0.00000000     0.00326944   0.00000000
  0.00185202   0.00000000    -0.00320779   0.00000000    -0.00346375   0.00000000
    2    7
 -0.03946159   0.00000000    -0.00027114   0.00000000    -0.02072126   0.00000000
  0.00426071   0.00000000    -0.01062718   0.00000000    -0.00647578   0.00000000
 -0.02104180   0.00000000    -0.01194604   0.00000000    -0.04050725   0.00000000
    2    8
 -0.02008896   0.00000000     0.00153795   0.00000000     0.00693503   0.00000000
  0.00153795   0.00000000    -0.02186483   0.00000000    -0.01201182   0.00000000
  0.00697069   0.00000000    -0.01207359   0.00000000    -0.03052050   0.00000000
    2    9
 -0.03327344   0.00000000    -0.03266151   0.00000000     0.04270005   0.00000000
 -0.02057165   0.00000000    -0.03770595   0.00000000     0.03787325   0.00000000
  0.04444690   0.00000000     0.04634843   0.00000000    -0.07892437   0.00000000
    2   10
 -0.00130875   0.00000000     0.00578446   0.00000000    -0.00125937   0.00000000
  0.00578446   0.00000000    -0.00798806   0.00000000     0.00218129   0.00000000
 -0.00272018   0.00000000     0.00471149   0.00000000    -0.00698856   0.00000000
    2   11
 -0.05964846   0.00000000    -0.00534402   0.00000000    -0.05414922   0.00000000
 -0.01743389   0.00000000    -0.01133093   0.00000000    -0.01804270   0.00000000
 -0.06236237   0.00000000    -0.01531793   0.00000000    -0.07892437   0.00000000
    3    1
 -0.07688015   0.00000000    -0.03724875   0.00000000     0.01201354   0.00000000
 -0.05217242   0.00000000    -0.02525281   0.00000000    -0.00500931   0.00000000
 -0.00166858   0.00000000    -0.01290868   0.00000000    -0.00626444   0.00000000
    3    2
  0.00056086   0.00000000    -0.00746183   0.00000000    -0.01034495   0.00000000
  0.00746183   0.00000000    -0.10269381   0.00000000     0.00789938   0.00000000
 -0.01034495   0.00000000    -0.00789938   0.00000000    -0.00626444   0.00000000
    3    3
  0.28123944   0.00000000     0.01694196   0.00000000    -0.01407779   0.00000000
  0.01694196   0.00000000     0.30080234   0.00000000    -0.02438346   0.00000000
 -0.01407779   0.00000000    -0.02438346   0.00000000     0.37668334   0.00000000
    3    4
 -0.02706964   0.00000000    -0.01704207   0.00000000     0.02449646   0.00000000
 -0.01704207   0.00000000    -0.04674813   0.00000000     0.04242912   0.00000000
  0.03881791   0.00000000     0.06723459   0.00000000    -0.08455060   0.00000000
    3    5
 -0.01610825   0.00000000     0.00922235   0.00000000     0.01596882   0.00000000
  0.01375419   0.00000000    -0.03398052   0.00000000    -0.01470725   0.00000000
  0.02086648   0.00000000    -0.01224972   0.00000000    -0.04050725   0.00000000
    3    6
 -0.03946159   0.00000000     0.00027114   0.00000000    -0.02072126   0.00000000
 -0.00426071   0.00000000    -0.01062718   0.00000000     0.00647578   0.00000000
 -0.02104180   0.00000000     0.01194604   0.00000000    -0.04050725   0.00000000
    3    7
 -0.00736454   0.00000000     0.00459188   0.00000000    -0.00188761   0.00000000
  0.00459188   0.00000000    -0.00206230   0.00000000    -0.00326944   0.00000000
  0.00185202   0.00000000     0.00320779   0.00000000    -0.00346375   0.00000000
    3    8
 -0.02008896   0.00000000    -0.00153795   0.00000000     0.00693503   0.00000000
 -0.00153795   0.00000000    -0.02186483   0.00000000     0.01201182   0.00000000
  0.00697069   0.00000000     0.01207359   0.00000000    -0.03052050   0.00000000
    3    9
 -0.03327344   0.00000000     0.03266151   0.00000000     0.04270005   0.00000000
  0.02057165   0.00000000    -0.03770595   0.00000000    -0.03787325   0.00000000
  0.04444690   0.00000000    -0.04634843   0.00000000    -0.07892437   0.00000000
    3   10
 -0.05964846   0.00000000     0.00534402   0.00000000    -0.05414922   0.00000000
  0.01743389   0.00000000    -0.01133093   0.00000000     0.01804270   0.00000000
 -0.06236237   0.00000000     0.01531793   0.00000000    -0.07892437   0.00000000
    3   11
 -0.00130875   0.00000000    -0.00578446   0.00000000    -0.00125937   0.00000000
 -0.00578446   0.00000000    -0.00798806   0.00000000    -0.00218129   0.00000000
 -0.00272018   0.00000000    -0.00471149   0.00000000    -0.00698856   0.00000000
    4    1
 -0.05658738   0.00000000    -0.00000000   0.00000000    -0.07763581   0.00000000
 -0.00000000   0.00000000    -0.01723040   0.00000000     0.00000000   0.00000000
 -0.04899293   0.00000000     0.00000000   0.00000000    -0.08455060   0.00000000
    4    2
 -0.02706964   0.00000000     0.01704207   0.00000000     0.03881791   0.00000000
  0.01704207   0.00000000    -0.04674813   0.00000000    -0.06723459   0.00000000
  0.02449646   0.00000000    -0.04242912   0.00000000    -0.08455060   0.00000000
    4    3
 -0.02706964   0.00000000    -0.01704207   0.00000000     0.03881791   0.00000000
 -0.01704207   0.00000000    -0.04674813   0.00000000     0.06723459   0.00000000
  0.02449646   0.00000000     0.04242912   0.00000000    -0.08455060   0.00000000
    4    4
  0.14198708   0.00000000    -0.00000000   0.00000000     0.00000000   0.00000000
 -0.00000000   0.00000000     0.14198708   0.00000000     0.00000000   0.00000000
  0.00000000   0.00000000     0.00000000   0.00000000     0.23220054   0.00000000
    4    5
  0.00284701   0.00000000    -0.00000000   0.00000000    -0.00399038   0.00000000
  0.00000000   0.00000000    -0.02255464   0.00000000     0.00000000   0.00000000
 -0.00153552   0.00000000     0.00000000   0.00000000     0.00598592   0.00000000
    4    6
 -0.01620423   0.00000000    -0.01099924   0.00000000     0.00199519   0.00000000
 -0.01099924   0.00000000    -0.00350340   0.00000000    -0.00345577   0.00000000
  0.00076776   0.00000000    -0.00132980   0.00000000     0.00598592   0.00000000
    4    7
 -0.01620423   0.00000000     0.01099924   0.00000000     0.00199519   0.00000000
  0.01099924   0.00000000    -0.00350340   0.00000000     0.00345577   0.00000000
  0.00076776   0.00000000     0.00132980   0.00000000     0.00598592   0.00000000
    4    8
 -0.00280079   0.00000000     0.00000000   0.00000000     0.00000000   0.00000000
  0.00000000   0.00000000    -0.00280079   0.00000000     0.00000000   0.00000000
  0.00000000   0.00000000     0.00000000   0.00000000     0.00429475   0.00000000
    4    9
  0.00109397   0.00000000     0.00000000   0.00000000     0.00397609   0.00000000
  0.00000000   0.00000000     0.00056891   0.00000000     0.00000000   0.00000000
  0.00060181   0.00000000     0.00000000   0.00000000    -0.00024991   0.00000000
    4   10
  0.00070018   0.00000000    -0.00022736   0.00000000    -0.00198804   0.00000000
 -0.00022736   0.00000000     0.00096271   0.00000000     0.00344339   0.00000000
 -0.00030091   0.00000000     0.00052118   0.00000000    -0.00024991   0.00000000
    4   11
  0.00070018   0.00000000     0.00022736   0.00000000    -0.00198804   0.00000000
  0.00022736   0.00000000     0.00096271   0.00000000    -0.00344339   0.00000000
 -0.00030091   0.00000000    -0.00052118   0.00000000    -0.00024991   0.00000000
    5    1
  0.00058883   0.00000000     0.00000000   0.00000000    -0.00370403   0.00000000
  0.00000000   0.00000000    -0.01001567   0.00000000     0.00000000   0.00000000
  0.00377523   0.00000000     0.00000000   0.00000000    -0.00346375   0.00000000
    5    2
 -0.01610825   0.00000000    -0.01375419   0.00000000     0.02086648   0.00000000
 -0.00922235   0.00000000    -0.03398052   0.00000000     0.01224972   0.00000000
  0.01596882   0.00000000     0.01470725   0.00000000    -0.04050725   0.00000000
    5    3
 -0.01610825   0.00000000     0.01375419   0.00000000     0.02086648   0.00000000
  0.00922235   0.00000000    -0.03398052   0.00000000    -0.01224972   0.00000000
  0.01596882   0.00000000    -0.01470725   0.00000000    -0.04050725   0.00000000
    5    4
  0.00284701   0.00000000    -0.00000000   0.00000000    -0.00153552   0.00000000
  0.00000000   0.00000000    -0.02255464   0.00000000     0.00000000   0.00000000
 -0.00399038   0.00000000     0.00000000   0.00000000     0.00598592   0.00000000
    5    5
  0.08404741   0.00000000     0.00000000   0.00000000    -0.03969634   0.00000000
  0.00000000   0.00000000     0.13121247   0.00000000     0.00000000   0.00000000
 -0.03969634   0.00000000     0.00000000   0.00000000     0.08845073   0.00000000
    5    6
 -0.02504200   0.00000000     0.01404265   0.00000000    -0.00077786   0.00000000
  0.01585101   0.00000000    -0.00778288   0.00000000     0.00147014   0.00000000
  0.00166211   0.00000000     0.00006143   0.00000000     0.00611318   0.00000000
    5    7
 -0.02504200   0.00000000    -0.01404265   0.00000000    -0.00077786   0.00000000
 -0.01585101   0.00000000    -0.00778288   0.00000000    -0.00147014   0.00000000
  0.00166211   0.00000000    -0.00006143   0.00000000     0.00611318   0.00000000
    5    8
 -0.00515990   0.00000000     0.00000000   0.00000000     0.00792410   0.00000000
  0.00000000   0.00000000     0.00172600   0.00000000     0.00000000   0.00000000
  0.00804340   0.00000000     0.00000000   0.00000000    -0.00957163   0.00000000
    5    9
  0.00086060   0.00000000    -0.00000000   0.00000000    -0.00005233   0.00000000
 -0.00000000   0.00000000    -0.01157216   0.00000000     0.00000000   0.00000000
  0.00099468   0.00000000     0.00000000   0.00000000     0.00225883   0.00000000
    5   10
 -0.00003764   0.00000000    -0.00093862   0.00000000    -0.00162389   0.00000000
 -0.00152205   0.00000000    -0.00328844   0.00000000    -0.00266416   0.00000000
 -0.00243563   0.00000000    -0.00675502   0.00000000    -0.00746309   0.00000000
    5   11
 -0.00003764   0.00000000     0.00093862   0.00000000    -0.00162389   0.00000000
  0.00152205   0.00000000    -0.00328844   0.00000000     0.00266416   0.00000000
 -0.00243563   0.00000000     0.00675502   0.00000000    -0.00746309   0.00000000
    6    1
 -0.01956332   0.00000000    -0.01121713   0.00000000     0.00017533   0.00000000
 -0.01574898   0.00000000    -0.03052545   0.00000000     0.02419576   0.00000000
  0.00475245   0.00000000     0.02118303   0.00000000    -0.04050725   0.00000000
    6    2
 -0.00736454   0.00000000    -0.00459188   0.00000000     0.00185202   0.00000000
 -0.00459188   0.00000000    -0.00206230   0.00000000    -0.00320779   0.00000000
 -0.00188761   0.00000000     0.00326944   0.00000000    -0.00346375   0.00000000
    6    3
 -0.03946159   0.00000000    -0.00426071   0.00000000    -0.02104180   0.00000000
  0.00027114   0.00000000    -0.01062718   0.00000000     0.01194604   0.00000000
 -0.02072126   0.00000000     0.00647578   0.00000000    -0.04050725   0.00000000
    6    4
 -0.01620423   0.00000000    -0.01099924   0.00000000     0.00076776   0.00000000
 -0.01099924   0.00000000    -0.00350340   0.00000000    -0.00132980   0.00000000
  0.00199519   0.00000000    -0.00345577   0.00000000     0.00598592   0.00000000
    6    5
 -0.02504200   0.00000000     0.01585101   0.00000000     0.00166211   0.00000000
  0.01404265   0.00000000    -0.00778288   0.00000000     0.00006143   0.00000000
 -0.00077786   0.00000000     0.00147014   0.00000000     0.00611318   0.00000000
    6    6
  0.11942121   0.00000000     0.02042307   0.00000000     0.01984817   0.00000000
  0.02042307   0.00000000     0.09583868   0.00000000    -0.03437804   0.00000000
  0.01984817   0.00000000    -0.03437804   0.00000000     0.08845073   0.00000000
    6    7
  0.00084667   0.00000000    -0.00090418   0.00000000    -0.00088425   0.00000000
  0.00090418   0.00000000    -0.03367155   0.00000000    -0.00140872   0.00000000
 -0.00088425   0.00000000     0.00140872   0.00000000     0.00611318   0.00000000
    6    8
  0.00000452   0.00000000     0.00298168   0.00000000    -0.00396205   0.00000000
  0.00298168   0.00000000    -0.00343842   0.00000000     0.00686247   0.00000000
 -0.00402170   0.00000000     0.00696579   0.00000000    -0.00957163   0.00000000
    6    9
 -0.00141024   0.00000000    -0.00231452   0.00000000    -0.00149528   0.00000000
 -0.00173109   0.00000000    -0.00191584   0.00000000    -0.00273841   0.00000000
 -0.00463221   0.00000000    -0.00548682   0.00000000    -0.00746309   0.00000000
    6   10
 -0.00846397   0.00000000    -0.00538354   0.00000000     0.00002617   0.00000000
 -0.00538354   0.00000000    -0.00224759   0.00000000    -0.00004532   0.00000000
 -0.00049734   0.00000000     0.00086142   0.00000000     0.00225883   0.00000000
    6   11
 -0.00354124   0.00000000    -0.00050076   0.00000000     0.00311917   0.00000000
 -0.00108419   0.00000000     0.00021516   0.00000000    -0.00007425   0.00000000
  0.00706783   0.00000000     0.00126820   0.00000000    -0.00746309   0.00000000
    7    1
 -0.01956332   0.00000000     0.01121713   0.00000000     0.00017533   0.00000000
  0.01574898   0.00000000    -0.03052545   0.00000000    -0.02419576   0.00000000
  0.00475245   0.00000000    -0.02118303   0.00000000    -0.04050725   0.00000000
    7    2
 -0.03946159   0.00000000     0.00426071   0.00000000    -0.02104180   0.00000000
 -0.00027114   0.00000000    -0.01062718   0.00000000    -0.01194604   0.00000000
 -0.02072126   0.00000000    -0.00647578   0.00000000    -0.04050725   0.00000000
    7    3
 -0.00736454   0.00000000     0.00459188   0.00000000     0.00185202   0.00000000
  0.00459188   0.00000000    -0.00206230   0.00000000     0.00320779   0.00000000
 -0.00188761   0.00000000    -0.00326944   0.00000000    -0.00346375   0.00000000
    7    4
 -0.01620423   0.00000000     0.01099924   0.00000000     0.00076776   0.00000000
  0.01099924   0.00000000    -0.00350340   0.00000000     0.00132980   0.00000000
  0.00199519   0.00000000     0.00345577   0.00000000     0.00598592   0.00000000
    7    5
 -0.02504200   0.00000000    -0.01585101   0.00000000     0.00166211   0.00000000
 -0.01404265   0.00000000    -0.00778288   0.00000000    -0.00006143   0.00000000
 -0.00077786   0.00000000    -0.00147014   0.00000000     0.00611318   0.00000000
    7    6
  0.00084667   0.00000000     0.00090418   0.00000000    -0.00088425   0.00000000
 -0.00090418   0.00000000    -0.03367155   0.00000000     0.00140872   0.00000000
 -0.00088425   0.00000000    -0.00140872   0.00000000     0.00611318   0.00000000
    7    7
  0.11942121   0.00000000    -0.02042307   0.00000000     0.01984817   0.00000000
 -0.02042307   0.00000000     0.09583868   0.00000000     0.03437804   0.00000000
  0.01984817   0.00000000     0.03437804   0.00000000     0.08845073   0.00000000
    7    8
  0.00000452   0.00000000    -0.00298168   0.00000000    -0.00396205   0.00000000
 -0.00298168   0.00000000    -0.00343842   0.00000000    -0.00686247   0.00000000
 -0.00402170   0.00000000    -0.00696579   0.00000000    -0.00957163   0.00000000
    7    9
 -0.00141024   0.00000000     0.00231452   0.00000000    -0.00149528   0.00000000
  0.00173109   0.00000000    -0.00191584   0.00000000     0.00273841   0.00000000
 -0.00463221   0.00000000     0.00548682   0.00000000    -0.00746309   0.00000000
    7   10
 -0.00354124   0.00000000     0.00050076   0.00000000     0.00311917   0.00000000
  0.00108419   0.00000000     0.00021516   0.00000000     0.00007425   0.00000000
  0.00706783   0.00000000    -0.00126820   0.00000000    -0.00746309   0.00000000
    7   11
 -0.00846397   0.00000000     0.00538354   0.00000000     0.00002617   0.00000000
  0.00538354   0.00000000    -0.00224759   0.00000000     0.00004532   0.00000000
 -0.00049734   0.00000000    -0.00086142   0.00000000     0.00225883   0.00000000
    8    1
 -0.02275276   0.00000000     0.00000000   0.00000000    -0.01394139   0.00000000
  0.00000000   0.00000000    -0.01920102   0.00000000     0.00000000   0.00000000
 -0.01387006   0.00000000     0.00000000   0.00000000    -0.03052050   0.00000000
    8    2
 -0.02008896   0.00000000     0.00153795   0.00000000     0.00697069   0.00000000
  0.00153795   0.00000000    -0.02186483   0.00000000    -0.01207359   0.00000000
  0.00693503   0.00000000    -0.01201182   0.00000000    -0.03052050   0.00000000
    8    3
 -0.02008896   0.00000000    -0.00153795   0.00000000     0.00697069   0.00000000
 -0.00153795   0.00000000    -0.02186483   0.00000000     0.01207359   0.00000000
  0.00693503   0.00000000     0.01201182   0.00000000    -0.03052050   0.00000000
    8    4
 -0.00280079   0.00000000     0.00000000   0.00000000     0.00000000   0.00000000
  0.00000000   0.00000000    -0.00280079   0.00000000     0.00000000   0.00000000
  0.00000000   0.00000000     0.00000000   0.00000000     0.00429475   0.00000000
    8    5
 -0.00515990   0.00000000    -0.00000000   0.00000000     0.00804340   0.00000000
  0.00000000   0.00000000     0.00172600   0.00000000     0.00000000   0.00000000
  0.00792410   0.00000000     0.00000000   0.00000000    -0.00957163   0.00000000
    8    6
  0.00000452   0.00000000     0.00298168   0.00000000    -0.00402170   0.00000000
  0.00298168   0.00000000    -0.00343842   0.00000000     0.00696579   0.00000000
 -0.00396205   0.00000000     0.00686247   0.00000000    -0.00957163   0.00000000
    8    7
  0.00000452   0.00000000    -0.00298168   0.00000000    -0.00402170   0.00000000
 -0.00298168   0.00000000    -0.00343842   0.00000000    -0.00696579   0.00000000
 -0.00396205   0.00000000    -0.00686247   0.00000000    -0.00957163   0.00000000
    8    8
  0.11057200   0.00000000     0.00000000   0.00000000     0.00000000   0.00000000
 -0.00000000   0.00000000     0.11057200   0.00000000     0.00000000   0.00000000
  0.00000000   0.00000000     0.00000000   0.00000000     0.09969492   0.00000000
    8    9
  0.00242289   0.00000000     0.00000000   0.00000000    -0.00143198   0.00000000
 -0.00000000   0.00000000    -0.02787095   0.00000000     0.00000000   0.00000000
 -0.00284790   0.00000000     0.00000000   0.00000000     0.00538271   0.00000000
    8   10
 -0.02029749   0.00000000    -0.01311762   0.00000000     0.00071599   0.00000000
 -0.01311762   0.00000000    -0.00515057   0.00000000    -0.00124013   0.00000000
  0.00142395   0.00000000    -0.00246636   0.00000000     0.00538271   0.00000000
    8   11
 -0.02029749   0.00000000     0.01311762   0.00000000     0.00071599   0.00000000
  0.01311762   0.00000000    -0.00515057   0.00000000     0.00124013   0.00000000
  0.00142395   0.00000000     0.00246636   0.00000000     0.00538271   0.00000000
    9    1
 -0.01132772   0.00000000    -0.00000000   0.00000000     0.00544036   0.00000000
 -0.00000000   0.00000000     0.00203091   0.00000000    -0.00000000   0.00000000
  0.00251873   0.00000000     0.00000000   0.00000000    -0.00698856   0.00000000
    9    2
 -0.03327344   0.00000000    -0.02057165   0.00000000     0.04444690   0.00000000
 -0.03266151   0.00000000    -0.03770595   0.00000000     0.04634843   0.00000000
  0.04270005   0.00000000     0.03787325   0.00000000    -0.07892437   0.00000000
    9    3
 -0.03327344   0.00000000     0.02057165   0.00000000     0.04444690   0.00000000
  0.03266151   0.00000000    -0.03770595   0.00000000    -0.04634843   0.00000000
  0.04270005   0.00000000    -0.03787325   0.00000000    -0.07892437   0.00000000
    9    4
  0.00109397   0.00000000     0.00000000   0.00000000     0.00060181   0.00000000
  0.00000000   0.00000000     0.00056891   0.00000000     0.00000000   0.00000000
  0.00397609   0.00000000     0.00000000   0.00000000    -0.00024991   0.00000000
    9    5
  0.00086060   0.00000000    -0.00000000   0.00000000     0.00099468   0.00000000
  0.00000000   0.00000000    -0.01157216   0.00000000     0.00000000   0.00000000
 -0.00005233   0.00000000     0.00000000   0.00000000     0.00225883   0.00000000
    9    6
 -0.00141024   0.00000000    -0.00173109   0.00000000    -0.00463221   0.00000000
 -0.00231452   0.00000000    -0.00191584   0.00000000    -0.00548682   0.00000000
 -0.00149528   0.00000000    -0.00273841   0.00000000    -0.00746309   0.00000000
    9    7
 -0.00141024   0.00000000     0.00173109   0.00000000    -0.00463221   0.00000000
  0.00231452   0.00000000    -0.00191584   0.00000000     0.00548682   0.00000000
 -0.00149528   0.00000000     0.00273841   0.00000000    -0.00746309   0.00000000
    9    8
  0.00242289   0.00000000     0.00000000   0.00000000    -0.00284790   0.00000000
 -0.00000000   0.00000000    -0.02787095   0.00000000     0.00000000   0.00000000
 -0.00143198   0.00000000     0.00000000   0.00000000     0.00538271   0.00000000
    9    9
  0.11734801   0.00000000     0.00000000   0.00000000    -0.08491860   0.00000000
  0.00000000   0.00000000     0.13003104   0.00000000     0.00000000   0.00000000
 -0.08491860   0.00000000     0.00000000   0.00000000     0.15616545   0.00000000
    9   10
 -0.02069913   0.00000000     0.00974417   0.00000000     0.00049912   0.00000000
  0.01467654   0.00000000    -0.00659982   0.00000000    -0.00078390   0.00000000
 -0.00092844   0.00000000     0.00004031   0.00000000     0.00838228   0.00000000
    9   11
 -0.02069913   0.00000000    -0.00974417   0.00000000     0.00049912   0.00000000
 -0.01467654   0.00000000    -0.00659982   0.00000000     0.00078390   0.00000000
 -0.00092844   0.00000000    -0.00004031   0.00000000     0.00838228   0.00000000
   10    1
 -0.01354719   0.00000000    -0.02127256   0.00000000     0.01791547   0.00000000
 -0.00918269   0.00000000    -0.05743220   0.00000000     0.06166636   0.00000000
  0.01144918   0.00000000     0.05591595   0.00000000    -0.07892437   0.00000000
   10    2
 -0.00130875   0.00000000     0.00578446   0.00000000    -0.00272018   0.00000000
  0.00578446   0.00000000    -0.00798806   0.00000000     0.00471149   0.00000000
 -0.00125937   0.00000000     0.00218129   0.00000000    -0.00698856   0.00000000
   10    3
 -0.05964846   0.00000000     0.01743389   0.00000000    -0.06236237   0.00000000
  0.00534402   0.00000000    -0.01133093   0.00000000     0.01531793   0.00000000
 -0.05414922   0.00000000     0.01804270   0.00000000    -0.07892437   0.00000000
   10    4
  0.00070018   0.00000000    -0.00022736   0.00000000    -0.00030091   0.00000000
 -0.00022736   0.00000000     0.00096271   0.00000000     0.00052118   0.00000000
 -0.00198804   0.00000000     0.00344339   0.00000000    -0.00024991   0.00000000
   10    5
 -0.00003764   0.00000000    -0.00152205   0.00000000    -0.00243563   0.00000000
 -0.00093862   0.00000000    -0.00328844   0.00000000    -0.00675502   0.00000000
 -0.00162389   0.00000000    -0.00266416   0.00000000    -0.00746309   0.00000000
   10    6
 -0.00846397   0.00000000    -0.00538354   0.00000000    -0.00049734   0.00000000
 -0.00538354   0.00000000    -0.00224759   0.00000000     0.00086142   0.00000000
  0.00002617   0.00000000    -0.00004532   0.00000000     0.00225883   0.00000000
   10    7
 -0.00354124   0.00000000     0.00108419   0.00000000     0.00706783   0.00000000
  0.00050076   0.00000000     0.00021516   0.00000000    -0.00126820   0.00000000
  0.00311917   0.00000000     0.00007425   0.00000000    -0.00746309   0.00000000
   10    8
 -0.02029749   0.00000000    -0.01311762   0.00000000     0.00142395   0.00000000
 -0.01311762   0.00000000    -0.00515057   0.00000000    -0.00246636   0.00000000
  0.00071599   0.00000000    -0.00124013   0.00000000     0.00538271   0.00000000
   10    9
 -0.02069913   0.00000000     0.01467654   0.00000000    -0.00092844   0.00000000
  0.00974417   0.00000000    -0.00659982   0.00000000     0.00004031   0.00000000
  0.00049912   0.00000000    -0.00078390   0.00000000     0.00838228   0.00000000
   10   10
  0.12686028   0.00000000     0.00549191   0.00000000     0.04245930   0.00000000
  0.00549191   0.00000000     0.12051877   0.00000000    -0.07354167   0.00000000
  0.04245930   0.00000000    -0.07354167   0.00000000     0.15616545   0.00000000
   10   11
  0.00044983   0.00000000    -0.00246619   0.00000000     0.00042931   0.00000000
  0.00246619   0.00000000    -0.02774878   0.00000000     0.00082420   0.00000000
  0.00042931   0.00000000    -0.00082420   0.00000000     0.00838228   0.00000000
   11    1
 -0.01354719   0.00000000     0.02127256   0.00000000     0.01791547   0.00000000
  0.00918269   0.00000000    -0.05743220   0.00000000    -0.06166636   0.00000000
  0.01144918   0.00000000    -0.05591595   0.00000000    -0.07892437   0.00000000
   11    2
 -0.05964846   0.00000000    -0.01743389   0.00000000    -0.06236237   0.00000000
 -0.00534402   0.00000000    -0.01133093   0.00000000    -0.01531793   0.00000000
 -0.05414922   0.00000000    -0.01804270   0.00000000    -0.07892437   0.00000000
   11    3
 -0.00130875   0.00000000    -0.00578446   0.00000000    -0.00272018   0.00000000
 -0.00578446   0.00000000    -0.00798806   0.00000000    -0.00471149   0.00000000
 -0.00125937   0.00000000    -0.00218129   0.00000000    -0.00698856   0.00000000
   11    4
  0.00070018   0.00000000     0.00022736   0.00000000    -0.00030091   0.00000000
  0.00022736   0.00000000     0.00096271   0.00000000    -0.00052118   0.00000000
 -0.00198804   0.00000000    -0.00344339   0.00000000    -0.00024991   0.00000000
   11    5
 -0.00003764   0.00000000     0.00152205   0.00000000    -0.00243563   0.00000000
  0.00093862   0.00000000    -0.00328844   0.00000000     0.00675502   0.00000000
 -0.00162389   0.00000000     0.00266416   0.00000000    -0.00746309   0.00000000
   11    6
 -0.00354124   0.00000000    -0.00108419   0.00000000     0.00706783   0.00000000
 -0.00050076   0.00000000     0.00021516   0.00000000     0.00126820   0.00000000
  0.00311917   0.00000000    -0.00007425   0.00000000    -0.00746309   0.00000000
   11    7
 -0.00846397   0.00000000     0.00538354   0.00000000    -0.00049734   0.00000000
  0.00538354   0.00000000    -0.00224759   0.00000000    -0.00086142   0.00000000
  0.00002617   0.00000000     0.00004532   0.00000000     0.00225883   0.00000000
   11    8
 -0.02029749   0.00000000     0.01311762   0.00000000     0.00142395   0.00000000
  0.01311762   0.00000000    -0.00515057   0.00000000     0.00246636   0.00000000
  0.00071599   0.00000000     0.00124013   0.00000000     0.00538271   0.00000000
   11    9
 -0.02069913   0.00000000    -0.01467654   0.00000000    -0.00092844   0.00000000
 -0.00974417   0.00000000    -0.00659982   0.00000000    -0.00004031   0.00000000
  0.00049912   0.00000000     0.00078390   0.00000000     0.00838228   0.00000000
   11   10
  0.00044983   0.00000000     0.00246619   0.00000000     0.00042931   0.00000000
 -0.00246619   0.00000000    -0.02774878   0.00000000    -0.00082420   0.00000000
  0.00042931   0.00000000     0.00082420   0.00000000     0.00838228   0.00000000
   11   11
  0.12686028   0.00000000    -0.00549191   0.00000000     0.04245930   0.00000000
 -0.00549191   0.00000000     0.12051877   0.00000000     0.07354167   0.00000000
  0.04245930   0.00000000     0.07354167   0.00000000     0.15616545   0.00000000

     Diagonalizing the dynamical matrix

     q = (    0.000000000   0.000000000   0.000000000 ) 

 **************************************************************************
     freq (    1) =       0.096510 [THz] =       3.219236 [cm-1]
 (  0.000389  0.000000  0.000000  0.000000 -0.301598  0.000000 ) 
 ( -0.000194  0.000000  0.000337  0.000000 -0.301598  0.000000 ) 
 ( -0.000194  0.000000 -0.000337  0.000000 -0.301598  0.000000 ) 
 (  0.000000  0.000000  0.000000  0.000000 -0.301324  0.000000 ) 
 ( -0.000369  0.000000  0.000000  0.000000 -0.302086  0.000000 ) 
 (  0.000185  0.000000 -0.000320  0.000000 -0.302086  0.000000 ) 
 (  0.000185  0.000000  0.000320  0.000000 -0.302086  0.000000 ) 
 (  0.000000  0.000000  0.000000  0.000000 -0.302235  0.000000 ) 
 (  0.000299  0.000000  0.000000  0.000000 -0.300668  0.000000 ) 
 ( -0.000150  0.000000  0.000259  0.000000 -0.300668  0.000000 ) 
 ( -0.000150  0.000000 -0.000259  0.000000 -0.300668  0.000000 ) 
     freq (    2) =       0.237863 [THz] =       7.934270 [cm-1]
 ( -0.301114  0.000000  0.000118 -0.000000 -0.001454  0.000000 ) 
 ( -0.301458  0.000000 -0.000081  0.000000  0.000728 -0.000000 ) 
 ( -0.301459  0.000000  0.000317 -0.000000  0.000727  0.000000 ) 
 ( -0.301089  0.000000  0.000118 -0.000000 -0.000000  0.000000 ) 
 ( -0.301897  0.000000  0.000119 -0.000000 -0.001374  0.000000 ) 
 ( -0.303952  0.000000 -0.001069  0.000000  0.000688 -0.000000 ) 
 ( -0.303953  0.000000  0.001305 -0.000000  0.000687  0.000000 ) 
 ( -0.297598  0.000000  0.000116 -0.000000 -0.000000  0.000000 ) 
 ( -0.302992  0.000000  0.000117 -0.000000  0.001275 -0.000000 ) 
 ( -0.300517  0.000000  0.001548 -0.000000 -0.000638  0.000000 ) 
 ( -0.300516  0.000000 -0.001311  0.000000 -0.000637  0.000000 ) 
     freq (    3) =       0.237863 [THz] =       7.934270 [cm-1]
 ( -0.000118  0.000000 -0.301573  0.000000 -0.000001  0.000000 ) 
 ( -0.000317  0.000000 -0.301229  0.000000 -0.001259  0.000000 ) 
 (  0.000081  0.000000 -0.301229  0.000000  0.001260  0.000000 ) 
 ( -0.000118  0.000000 -0.301089  0.000000 -0.000000  0.000000 ) 
 ( -0.000118  0.000000 -0.304638  0.000000 -0.000001  0.000000 ) 
 ( -0.001306  0.000000 -0.302583  0.000000 -0.001190  0.000000 ) 
 (  0.001068  0.000000 -0.302582  0.000000  0.001191  0.000000 ) 
 ( -0.000116  0.000000 -0.297598  0.000000 -0.000000  0.000000 ) 
 ( -0.000119  0.000000 -0.299691  0.000000  0.000000  0.000000 ) 
 (  0.001312  0.000000 -0.302167  0.000000  0.001104  0.000000 ) 
 ( -0.001547  0.000000 -0.302168  0.000000 -0.001104  0.000000 ) 
     freq (    4) =       1.769405 [THz] =      59.021003 [cm-1]
 (  0.031683 -0.000000 -0.000000  0.000000 -0.064782  0.000000 ) 
 ( -0.010192  0.000000 -0.024176  0.000000  0.032390  0.000000 ) 
 ( -0.010192  0.000000  0.024176 -0.000000  0.032391 -0.000000 ) 
 ( -0.083937  0.000000 -0.000001  0.000000  0.000000 -0.000000 ) 
 ( -0.453424  0.000000 -0.000000  0.000000 -0.325774  0.000000 ) 
 ( -0.150584  0.000000  0.174841  0.000000  0.162885  0.000000 ) 
 ( -0.150587  0.000000 -0.174847  0.000000  0.162889 -0.000000 ) 
 (  0.031638 -0.000000  0.000000 -0.000000  0.000000 -0.000000 ) 
 (  0.431172 -0.000000  0.000001 -0.000000  0.381001 -0.000000 ) 
 (  0.183765  0.000000 -0.142837  0.000000 -0.190498  0.000000 ) 
 (  0.183767 -0.000000  0.142843 -0.000000 -0.190503  0.000000 ) 
     freq (    5) =       1.769405 [THz] =      59.021003 [cm-1]
 (  0.000000  0.000000  0.024150  0.000000 -0.000001  0.000000 ) 
 (  0.024176  0.000000 -0.017725  0.000000  0.056103  0.000000 ) 
 ( -0.024176  0.000000 -0.017724  0.000000 -0.056102  0.000000 ) 
 ( -0.000001  0.000000  0.083937  0.000000 -0.000000  0.000000 ) 
 ( -0.000004  0.000000  0.049640  0.000000 -0.000003  0.000000 ) 
 ( -0.174845  0.000000  0.352479  0.000000  0.282130  0.000000 ) 
 (  0.174842  0.000000  0.352476  0.000000 -0.282127  0.000000 ) 
 (  0.000000  0.000000 -0.031638  0.000000 -0.000000  0.000000 ) 
 (  0.000004  0.000000 -0.101297  0.000000  0.000003  0.000000 ) 
 (  0.142842  0.000000 -0.348705  0.000000 -0.329958  0.000000 ) 
 ( -0.142839  0.000000 -0.348702  0.000000  0.329955  0.000000 ) 
     freq (    6) =       2.373929 [THz] =      79.185742 [cm-1]
 (  0.119568  0.000000 -0.000002  0.000000  0.160141  0.000000 ) 
 (  0.136190  0.000000  0.009595  0.000000 -0.080073  0.000000 ) 
 (  0.136190  0.000000 -0.009599  0.000000 -0.080068  0.000000 ) 
 (  0.340323  0.000000 -0.000006  0.000000  0.000000  0.000000 ) 
 ( -0.325570  0.000000 -0.000001  0.000000 -0.437280  0.000000 ) 
 ( -0.059574  0.000000  0.153578  0.000000  0.218646  0.000000 ) 
 ( -0.059569  0.000000 -0.153570  0.000000  0.218633  0.000000 ) 
 (  0.158560  0.000000 -0.000003  0.000000  0.000000  0.000000 ) 
 ( -0.248974  0.000000  0.000002  0.000000 -0.380432  0.000000 ) 
 ( -0.128868  0.000000  0.069348  0.000000  0.190222  0.000000 ) 
 ( -0.128865  0.000000 -0.069340  0.000000  0.190210  0.000000 ) 
     freq (    7) =       2.373929 [THz] =      79.185742 [cm-1]
 (  0.000002  0.000000  0.141731  0.000000  0.000003  0.000000 ) 
 (  0.009599  0.000000  0.125109  0.000000  0.138685  0.000000 ) 
 ( -0.009594  0.000000  0.125109  0.000000 -0.138688  0.000000 ) 
 (  0.000006  0.000000  0.340323  0.000000  0.000000  0.000000 ) 
 ( -0.000006  0.000000  0.029094  0.000000 -0.000008  0.000000 ) 
 (  0.153573  0.000000 -0.236901  0.000000 -0.378691  0.000000 ) 
 ( -0.153575  0.000000 -0.236906  0.000000  0.378699  0.000000 ) 
 (  0.000003  0.000000  0.158560  0.000000  0.000000  0.000000 ) 
 ( -0.000004  0.000000 -0.088831  0.000000 -0.000007  0.000000 ) 
 (  0.069342  0.000000 -0.208937  0.000000 -0.329461  0.000000 ) 
 ( -0.069346  0.000000 -0.208939  0.000000  0.329468  0.000000 ) 
     freq (    8) =       2.619041 [THz] =      87.361817 [cm-1]
 (  0.000000  0.000000 -0.290823  0.000000 -0.000000  0.000000 ) 
 (  0.251860  0.000000  0.145411  0.000000  0.000000  0.000000 ) 
 ( -0.251860  0.000000  0.145411  0.000000 -0.000000  0.000000 ) 
 ( -0.000000  0.000000  0.000000  0.000000 -0.000000  0.000000 ) 
 (  0.000000  0.000000  0.216454  0.000000 -0.000000  0.000000 ) 
 ( -0.187454  0.000000 -0.108227  0.000000 -0.000000  0.000000 ) 
 (  0.187454  0.000000 -0.108227  0.000000  0.000000  0.000000 ) 
 (  0.000000  0.000000  0.000000  0.000000 -0.000000  0.000000 ) 
 ( -0.000000  0.000000  0.449337  0.000000  0.000000  0.000000 ) 
 ( -0.389137  0.000000 -0.224668  0.000000 -0.000000  0.000000 ) 
 (  0.389137  0.000000 -0.224668  0.000000  0.000000  0.000000 ) 
     freq (    9) =       3.370437 [THz] =     112.425691 [cm-1]
 ( -0.069490  0.000000 -0.000000  0.000000  0.269591  0.000000 ) 
 ( -0.033165  0.000000  0.020972  0.000000 -0.134795  0.000000 ) 
 ( -0.033165  0.000000 -0.020972  0.000000 -0.134796  0.000000 ) 
 (  0.326815  0.000000  0.000001  0.000000 -0.000000  0.000000 ) 
 (  0.280635  0.000000  0.000000  0.000000 -0.191671  0.000000 ) 
 (  0.080037  0.000000 -0.115815  0.000000  0.095835  0.000000 ) 
 (  0.080038  0.000000  0.115816  0.000000  0.095836  0.000000 ) 
 ( -0.363494  0.000000 -0.000001  0.000000 -0.000000  0.000000 ) 
 (  0.295528  0.000000 -0.000001  0.000000  0.088266  0.000000 ) 
 ( -0.276802  0.000000 -0.330434  0.000000 -0.044133  0.000000 ) 
 ( -0.276800  0.000000  0.330435  0.000000 -0.044133  0.000000 ) 
     freq (   10) =       3.370437 [THz] =     112.425691 [cm-1]
 ( -0.000000  0.000000  0.021057  0.000000  0.000001  0.000000 ) 
 ( -0.020972  0.000000  0.057382  0.000000 -0.233473  0.000000 ) 
 (  0.020972  0.000000  0.057382  0.000000  0.233473  0.000000 ) 
 (  0.000001  0.000000 -0.326815  0.000000  0.000000  0.000000 ) 
 (  0.000001  0.000000 -0.013172  0.000000 -0.000000  0.000000 ) 
 (  0.115815  0.000000 -0.213769  0.000000  0.165992  0.000000 ) 
 ( -0.115815  0.000000 -0.213769  0.000000 -0.165992  0.000000 ) 
 ( -0.000001  0.000000  0.363494  0.000000  0.000000  0.000000 ) 
 (  0.000001  0.000000  0.467578  0.000000  0.000000  0.000000 ) 
 (  0.330434  0.000000 -0.104752  0.000000 -0.076441  0.000000 ) 
 ( -0.330435  0.000000 -0.104751  0.000000  0.076440  0.000000 ) 
     freq (   11) =       3.390088 [THz] =     113.081148 [cm-1]
 (  0.038416  0.000000 -0.000000  0.000000  0.100453  0.000000 ) 
 ( -0.019208  0.000000  0.033269  0.000000  0.100453  0.000000 ) 
 ( -0.019208  0.000000 -0.033269  0.000000  0.100453  0.000000 ) 
 (  0.000000  0.000000  0.000000  0.000000  0.204250  0.000000 ) 
 ( -0.285084  0.000000  0.000000  0.000000 -0.196905  0.000000 ) 
 (  0.142542  0.000000 -0.246890  0.000000 -0.196905  0.000000 ) 
 (  0.142542  0.000000  0.246890  0.000000 -0.196905  0.000000 ) 
 ( -0.000000  0.000000 -0.000000  0.000000  0.494297  0.000000 ) 
 ( -0.288002  0.000000 -0.000000  0.000000 -0.153061  0.000000 ) 
 (  0.144001  0.000000 -0.249417  0.000000 -0.153061  0.000000 ) 
 (  0.144001  0.000000  0.249417  0.000000 -0.153061  0.000000 ) 
     freq (   12) =       3.624886 [THz] =     120.913172 [cm-1]
 (  0.000609  0.000000 -0.000000  0.000000  0.040566  0.000000 ) 
 ( -0.000305  0.000000  0.000528  0.000000  0.040566  0.000000 ) 
 ( -0.000305  0.000000 -0.000528  0.000000  0.040566  0.000000 ) 
 (  0.000000  0.000000  0.000000  0.000000  0.106387  0.000000 ) 
 ( -0.260999  0.000000  0.000000  0.000000 -0.312824  0.000000 ) 
 (  0.130500  0.000000 -0.226032  0.000000 -0.312824  0.000000 ) 
 (  0.130500  0.000000  0.226032  0.000000 -0.312824  0.000000 ) 
 ( -0.000000  0.000000 -0.000000  0.000000 -0.175167  0.000000 ) 
 (  0.259208  0.000000  0.000000  0.000000  0.290720  0.000000 ) 
 ( -0.129604  0.000000  0.224481  0.000000  0.290720  0.000000 ) 
 ( -0.129604  0.000000 -0.224481  0.000000  0.290720  0.000000 ) 
     freq (   13) =       3.805611 [THz] =     126.941515 [cm-1]
 (  0.207800  0.000000 -0.000000  0.000000 -0.007190  0.000000 ) 
 ( -0.021369  0.000000 -0.132310  0.000000  0.003595  0.000000 ) 
 ( -0.021368  0.000000  0.132311  0.000000  0.003595  0.000000 ) 
 (  0.511698  0.000000  0.000002  0.000000 -0.000000  0.000000 ) 
 ( -0.364155  0.000000  0.000001  0.000000  0.450926  0.000000 ) 
 (  0.031942  0.000000  0.228685  0.000000 -0.225461  0.000000 ) 
 (  0.031940  0.000000 -0.228687  0.000000 -0.225465  0.000000 ) 
 ( -0.320980  0.000000 -0.000001  0.000000 -0.000000  0.000000 ) 
 ( -0.027493  0.000000 -0.000000  0.000000  0.077474  0.000000 ) 
 ( -0.031144  0.000000 -0.002108  0.000000 -0.038737  0.000000 ) 
 ( -0.031144  0.000000  0.002108  0.000000 -0.038737  0.000000 ) 
     freq (   14) =       3.805611 [THz] =     126.941515 [cm-1]
 (  0.000001  0.000000  0.097757  0.000000 -0.000000  0.000000 ) 
 (  0.132310  0.000000 -0.131411  0.000000  0.006227  0.000000 ) 
 ( -0.132310  0.000000 -0.131410  0.000000 -0.006227  0.000000 ) 
 (  0.000002  0.000000 -0.511698  0.000000  0.000000  0.000000 ) 
 ( -0.000002  0.000000 -0.163973  0.000000  0.000002  0.000000 ) 
 ( -0.228686  0.000000  0.232124  0.000000 -0.390514  0.000000 ) 
 (  0.228686  0.000000  0.232122  0.000000  0.390512  0.000000 ) 
 ( -0.000001  0.000000  0.320980  0.000000 -0.000000  0.000000 ) 
 ( -0.000000  0.000000  0.032361  0.000000  0.000000  0.000000 ) 
 (  0.002108  0.000000  0.028710  0.000000 -0.067094  0.000000 ) 
 ( -0.002108  0.000000  0.028710  0.000000  0.067094  0.000000 ) 
     freq (   15) =       4.025859 [THz] =     134.288202 [cm-1]
 ( -0.009426  0.000000 -0.000000  0.000000  0.136351  0.000000 ) 
 (  0.004713  0.000000 -0.008163  0.000000  0.136351  0.000000 ) 
 (  0.004713  0.000000  0.008163  0.000000  0.136351  0.000000 ) 
 (  0.000000  0.000000 -0.000000  0.000000  0.304676  0.000000 ) 
 ( -0.002617  0.000000  0.000000  0.000000 -0.028173  0.000000 ) 
 (  0.001308  0.000000 -0.002266  0.000000 -0.028173  0.000000 ) 
 (  0.001308  0.000000  0.002266  0.000000 -0.028173  0.000000 ) 
 ( -0.000000  0.000000 -0.000000  0.000000 -0.760704  0.000000 ) 
 ( -0.299219  0.000000  0.000000  0.000000  0.022077  0.000000 ) 
 (  0.149610  0.000000 -0.259131  0.000000  0.022077  0.000000 ) 
 (  0.149610  0.000000  0.259131  0.000000  0.022077  0.000000 ) 
     freq (   16) =       4.145066 [THz] =     138.264507 [cm-1]
 ( -0.000000  0.000000 -0.019927  0.000000  0.000000  0.000000 ) 
 (  0.017258  0.000000  0.009964  0.000000 -0.000000  0.000000 ) 
 ( -0.017258  0.000000  0.009964  0.000000  0.000000  0.000000 ) 
 (  0.000000  0.000000 -0.000000  0.000000  0.000000  0.000000 ) 
 (  0.000000  0.000000 -0.525556  0.000000  0.000000  0.000000 ) 
 (  0.455145  0.000000  0.262778  0.000000 -0.000000  0.000000 ) 
 ( -0.455145  0.000000  0.262778  0.000000  0.000000  0.000000 ) 
 (  0.000000  0.000000 -0.000000  0.000000  0.000000  0.000000 ) 
 (  0.000000  0.000000  0.238174  0.000000  0.000000  0.000000 ) 
 ( -0.206265  0.000000 -0.119087  0.000000 -0.000000  0.000000 ) 
 (  0.206265  0.000000 -0.119087  0.000000  0.000000  0.000000 ) 
     freq (   17) =       4.265875 [THz] =     142.294275 [cm-1]
 (  0.019453  0.000000 -0.000000  0.000000 -0.175042  0.000000 ) 
 (  0.109282  0.000000  0.051863  0.000000  0.087521  0.000000 ) 
 (  0.109282  0.000000 -0.051863  0.000000  0.087521  0.000000 ) 
 ( -0.272364  0.000000  0.000000  0.000000 -0.000000  0.000000 ) 
 (  0.011803  0.000000 -0.000001  0.000000 -0.212671  0.000000 ) 
 (  0.280550  0.000000  0.155161  0.000000  0.106336  0.000000 ) 
 (  0.280550  0.000000 -0.155161  0.000000  0.106335  0.000000 ) 
 ( -0.717591  0.000000  0.000001  0.000000  0.000000  0.000000 ) 
 ( -0.070669  0.000000 -0.000000  0.000000 -0.107756  0.000000 ) 
 (  0.099837  0.000000  0.098442  0.000000  0.053878  0.000000 ) 
 (  0.099838  0.000000 -0.098442  0.000000  0.053878  0.000000 ) 
     freq (   18) =       4.265875 [THz] =     142.294275 [cm-1]
 ( -0.000000  0.000000 -0.139225  0.000000  0.000000  0.000000 ) 
 ( -0.051863  0.000000 -0.049396  0.000000  0.151591  0.000000 ) 
 (  0.051863  0.000000 -0.049396  0.000000 -0.151591  0.000000 ) 
 (  0.000000  0.000000  0.272364  0.000000  0.000000  0.000000 ) 
 ( -0.000000  0.000000 -0.370132  0.000000  0.000000  0.000000 ) 
 ( -0.155161  0.000000 -0.101386  0.000000  0.184179  0.000000 ) 
 (  0.155161  0.000000 -0.101385  0.000000 -0.184179  0.000000 ) 
 (  0.000001  0.000000  0.717591  0.000000 -0.000000  0.000000 ) 
 (  0.000000  0.000000 -0.156673  0.000000  0.000000  0.000000 ) 
 ( -0.098442  0.000000  0.013834  0.000000  0.093319  0.000000 ) 
 (  0.098442  0.000000  0.013834  0.000000 -0.093320  0.000000 ) 
     freq (   19) =       4.550597 [THz] =     151.791576 [cm-1]
 ( -0.091406  0.000000  0.000001  0.000000  0.090108  0.000000 ) 
 (  0.171864  0.000000  0.151999  0.000000 -0.045054  0.000000 ) 
 (  0.171863  0.000000 -0.151999  0.000000 -0.045054  0.000000 ) 
 ( -0.080892  0.000000 -0.000000  0.000000  0.000000  0.000000 ) 
 ( -0.124151  0.000000 -0.000001  0.000000  0.211322  0.000000 ) 
 ( -0.311587  0.000000 -0.108216  0.000000 -0.105660  0.000000 ) 
 ( -0.311586  0.000000  0.108215  0.000000 -0.105661  0.000000 ) 
 ( -0.227315  0.000000 -0.000001  0.000000  0.000000  0.000000 ) 
 (  0.377267  0.000000  0.000000  0.000000 -0.430353  0.000000 ) 
 (  0.190510  0.000000 -0.107823  0.000000  0.215175  0.000000 ) 
 (  0.190510  0.000000  0.107825  0.000000  0.215178  0.000000 ) 
     freq (   20) =       4.550597 [THz] =     151.791576 [cm-1]
 ( -0.000000  0.000000 -0.259620  0.000000  0.000000  0.000000 ) 
 ( -0.151998  0.000000  0.003649  0.000000 -0.078036  0.000000 ) 
 (  0.151999  0.000000  0.003649  0.000000  0.078036  0.000000 ) 
 ( -0.000000  0.000000  0.080892  0.000000  0.000000  0.000000 ) 
 ( -0.000000  0.000000  0.374065  0.000000  0.000001  0.000000 ) 
 (  0.108215  0.000000  0.186629  0.000000 -0.183010  0.000000 ) 
 ( -0.108217  0.000000  0.186630  0.000000  0.183010  0.000000 ) 
 ( -0.000001  0.000000  0.227315  0.000000  0.000000  0.000000 ) 
 (  0.000001  0.000000 -0.128258  0.000000 -0.000001  0.000000 ) 
 (  0.107825  0.000000 -0.315015  0.000000  0.372697  0.000000 ) 
 ( -0.107824  0.000000 -0.315015  0.000000 -0.372696  0.000000 ) 
     freq (   21) =       4.950303 [THz] =     165.124337 [cm-1]
 (  0.100536  0.000000 -0.000000  0.000000  0.030693  0.000000 ) 
 ( -0.050268  0.000000  0.087066  0.000000  0.030693  0.000000 ) 
 ( -0.050268  0.000000 -0.087066  0.000000  0.030693  0.000000 ) 
 (  0.000000  0.000000  0.000000  0.000000  0.425622  0.000000 ) 
 (  0.409235  0.000000 -0.000000  0.000000 -0.281691  0.000000 ) 
 ( -0.204617  0.000000  0.354408  0.000000 -0.281691  0.000000 ) 
 ( -0.204617  0.000000 -0.354408  0.000000 -0.281691  0.000000 ) 
 ( -0.000000  0.000000  0.000000  0.000000  0.201683  0.000000 ) 
 (  0.011811  0.000000 -0.000000  0.000000  0.037122  0.000000 ) 
 ( -0.005906  0.000000  0.010229  0.000000  0.037122  0.000000 ) 
 ( -0.005906  0.000000 -0.010229  0.000000  0.037122  0.000000 ) 
     freq (   22) =       5.300042 [THz] =     176.790385 [cm-1]
 (  0.078424  0.000000 -0.000000  0.000000 -0.030453  0.000000 ) 
 ( -0.042480  0.000000 -0.069804  0.000000  0.015227  0.000000 ) 
 ( -0.042480  0.000000  0.069804  0.000000  0.015227  0.000000 ) 
 (  0.383840  0.000000  0.000001  0.000000 -0.000000  0.000000 ) 
 (  0.193056  0.000000 -0.000001  0.000000 -0.187464  0.000000 ) 
 ( -0.288734  0.000000 -0.278161  0.000000  0.093732  0.000000 ) 
 ( -0.288733  0.000000  0.278161  0.000000  0.093733  0.000000 ) 
 ( -0.297060  0.000000 -0.000001  0.000000 -0.000000  0.000000 ) 
 ( -0.186477  0.000000  0.000001  0.000000  0.169422  0.000000 ) 
 (  0.251402  0.000000  0.252809  0.000000 -0.084711  0.000000 ) 
 (  0.251401  0.000000 -0.252809  0.000000 -0.084711  0.000000 ) 
     freq (   23) =       5.300042 [THz] =     176.790385 [cm-1]
 ( -0.000000  0.000000 -0.082782  0.000000  0.000000  0.000000 ) 
 ( -0.069804  0.000000  0.038123  0.000000 -0.026373  0.000000 ) 
 (  0.069804  0.000000  0.038122  0.000000  0.026373  0.000000 ) 
 ( -0.000001  0.000000  0.383840  0.000000  0.000000  0.000000 ) 
 ( -0.000000  0.000000 -0.449330  0.000000  0.000000  0.000000 ) 
 ( -0.278161  0.000000  0.032460  0.000000 -0.162349  0.000000 ) 
 (  0.278162  0.000000  0.032459  0.000000  0.162349  0.000000 ) 
 (  0.000001  0.000000 -0.297060  0.000000  0.000000  0.000000 ) 
 (  0.000000  0.000000  0.397361  0.000000 -0.000000  0.000000 ) 
 (  0.252809  0.000000 -0.040518  0.000000  0.146724  0.000000 ) 
 ( -0.252810  0.000000 -0.040517  0.000000 -0.146724  0.000000 ) 
     freq (   24) =       5.674758 [THz] =     189.289555 [cm-1]
 (  0.165608  0.000000  0.000000  0.000000 -0.044509  0.000000 ) 
 ( -0.082804  0.000000  0.143420  0.000000 -0.044509  0.000000 ) 
 ( -0.082804  0.000000 -0.143420  0.000000 -0.044509  0.000000 ) 
 ( -0.000000  0.000000  0.000000  0.000000  0.624638  0.000000 ) 
 ( -0.122059  0.000000 -0.000000  0.000000  0.147882  0.000000 ) 
 (  0.061030  0.000000 -0.105706  0.000000  0.147882  0.000000 ) 
 (  0.061030  0.000000  0.105706  0.000000  0.147882  0.000000 ) 
 ( -0.000000  0.000000 -0.000000  0.000000 -0.117064  0.000000 ) 
 (  0.249124  0.000000  0.000000  0.000000 -0.265463  0.000000 ) 
 ( -0.124562  0.000000  0.215747  0.000000 -0.265463  0.000000 ) 
 ( -0.124562  0.000000 -0.215747  0.000000 -0.265463  0.000000 ) 
     freq (   25) =       5.836555 [THz] =     194.686504 [cm-1]
 ( -0.591220  0.000000  0.000000  0.000000  0.162889  0.000000 ) 
 ( -0.273014  0.000000  0.183716  0.000000 -0.081445  0.000000 ) 
 ( -0.273014  0.000000 -0.183716  0.000000 -0.081444  0.000000 ) 
 (  0.296681  0.000000 -0.000000  0.000000  0.000000  0.000000 ) 
 ( -0.041504  0.000000 -0.000000  0.000000 -0.009198  0.000000 ) 
 (  0.196511  0.000000  0.137418  0.000000  0.004599  0.000000 ) 
 (  0.196511  0.000000 -0.137418  0.000000  0.004599  0.000000 ) 
 (  0.066599  0.000000 -0.000000  0.000000 -0.000000  0.000000 ) 
 (  0.064315  0.000000 -0.000000  0.000000 -0.067135  0.000000 ) 
 (  0.269909  0.000000  0.118700  0.000000  0.033567  0.000000 ) 
 (  0.269909  0.000000 -0.118700  0.000000  0.033567  0.000000 ) 
     freq (   26) =       5.836555 [THz] =     194.686504 [cm-1]
 (  0.000000  0.000000  0.166945  0.000000 -0.000000  0.000000 ) 
 ( -0.183716  0.000000  0.485151  0.000000 -0.141066  0.000000 ) 
 (  0.183716  0.000000  0.485151  0.000000  0.141066  0.000000 ) 
 ( -0.000000  0.000000 -0.296681  0.000000 -0.000000  0.000000 ) 
 (  0.000000  0.000000 -0.275849  0.000000  0.000000  0.000000 ) 
 ( -0.137418  0.000000 -0.037834  0.000000  0.007966  0.000000 ) 
 (  0.137418  0.000000 -0.037834  0.000000 -0.007966  0.000000 ) 
 ( -0.000000  0.000000 -0.066599  0.000000 -0.000000  0.000000 ) 
 ( -0.000000  0.000000 -0.338440  0.000000  0.000000  0.000000 ) 
 ( -0.118700  0.000000 -0.132847  0.000000  0.058140  0.000000 ) 
 (  0.118700  0.000000 -0.132846  0.000000 -0.058140  0.000000 ) 
     freq (   27) =       6.224123 [THz] =     207.614409 [cm-1]
 ( -0.000000  0.000000  0.477361  0.000000  0.000000  0.000000 ) 
 ( -0.413406  0.000000 -0.238680  0.000000  0.000000  0.000000 ) 
 (  0.413406  0.000000 -0.238680  0.000000 -0.000000  0.000000 ) 
 (  0.000000  0.000000  0.000000  0.000000 -0.000000  0.000000 ) 
 (  0.000000  0.000000  0.116354  0.000000 -0.000000  0.000000 ) 
 ( -0.100766  0.000000 -0.058177  0.000000 -0.000000  0.000000 ) 
 (  0.100766  0.000000 -0.058177  0.000000  0.000000  0.000000 ) 
 ( -0.000000  0.000000  0.000000  0.000000  0.000000  0.000000 ) 
 ( -0.000000  0.000000  0.303186  0.000000 -0.000000  0.000000 ) 
 ( -0.262567  0.000000 -0.151593  0.000000 -0.000000  0.000000 ) 
 (  0.262567  0.000000 -0.151593  0.000000  0.000000  0.000000 ) 
     freq (   28) =       7.155843 [THz] =     238.693241 [cm-1]
 (  0.317702  0.000000 -0.000009  0.000000  0.299322  0.000000 ) 
 ( -0.332750  0.000000 -0.375534  0.000000 -0.149657  0.000000 ) 
 ( -0.332739  0.000000  0.375537  0.000000 -0.149665  0.000000 ) 
 ( -0.249168  0.000000 -0.000004  0.000000 -0.000000  0.000000 ) 
 (  0.046633  0.000000  0.000001  0.000000 -0.051782  0.000000 ) 
 (  0.063850  0.000000  0.009940  0.000000  0.025890  0.000000 ) 
 (  0.063849  0.000000 -0.009939  0.000000  0.025892  0.000000 ) 
 ( -0.033152  0.000000 -0.000001  0.000000 -0.000000  0.000000 ) 
 (  0.159261  0.000000  0.000003  0.000000 -0.254453  0.000000 ) 
 (  0.174379  0.000000  0.008731  0.000000  0.127223  0.000000 ) 
 (  0.174379  0.000000 -0.008726  0.000000  0.127230  0.000000 ) 
     freq (   29) =       7.155843 [THz] =     238.693241 [cm-1]
 ( -0.000005  0.000000 -0.549560  0.000000 -0.000005  0.000000 ) 
 ( -0.375530  0.000000  0.100892  0.000000  0.259223  0.000000 ) 
 (  0.375540  0.000000  0.100880  0.000000 -0.259218  0.000000 ) 
 (  0.000004  0.000000 -0.249168  0.000000  0.000000  0.000000 ) 
 ( -0.000001  0.000000  0.069588  0.000000  0.000001  0.000000 ) 
 (  0.009939  0.000000  0.052372  0.000000 -0.044845  0.000000 ) 
 ( -0.009941  0.000000  0.052372  0.000000  0.044844  0.000000 ) 
 (  0.000001  0.000000 -0.033152  0.000000  0.000000  0.000000 ) 
 ( -0.000002  0.000000  0.179419  0.000000  0.000004  0.000000 ) 
 (  0.008726  0.000000  0.164300  0.000000 -0.220365  0.000000 ) 
 ( -0.008731  0.000000  0.164301  0.000000  0.220361  0.000000 ) 
     freq (   30) =       8.021191 [THz] =     267.558146 [cm-1]
 (  0.497570  0.000000  0.000000  0.000000 -0.145416  0.000000 ) 
 ( -0.248785  0.000000  0.430908  0.000000 -0.145416  0.000000 ) 
 ( -0.248785  0.000000 -0.430908  0.000000 -0.145416  0.000000 ) 
 (  0.000000  0.000000 -0.000000  0.000000 -0.176976  0.000000 ) 
 ( -0.039233  0.000000  0.000000  0.000000  0.055478  0.000000 ) 
 (  0.019616  0.000000 -0.033976  0.000000  0.055478  0.000000 ) 
 (  0.019616  0.000000  0.033976  0.000000  0.055478  0.000000 ) 
 (  0.000000  0.000000 -0.000000  0.000000 -0.019963  0.000000 ) 
 ( -0.129998  0.000000 -0.000000  0.000000  0.180339  0.000000 ) 
 (  0.064999  0.000000 -0.112581  0.000000  0.180339  0.000000 ) 
 (  0.064999  0.000000  0.112581  0.000000  0.180339  0.000000 ) 
     freq (   31) =       8.069149 [THz] =     269.157843 [cm-1]
 (  0.035229  0.000000  0.000002  0.000000  0.603996  0.000000 ) 
 (  0.216228  0.000000  0.104500  0.000000 -0.301994  0.000000 ) 
 (  0.216227  0.000000 -0.104499  0.000000 -0.302001  0.000000 ) 
 ( -0.271698  0.000000 -0.000002  0.000000 -0.000000  0.000000 ) 
 ( -0.078224  0.000000  0.000000  0.000000  0.102592  0.000000 ) 
 ( -0.001185  0.000000  0.044478  0.000000 -0.051295  0.000000 ) 
 ( -0.001185  0.000000 -0.044479  0.000000 -0.051297  0.000000 ) 
 ( -0.079890  0.000000 -0.000001  0.000000 -0.000000  0.000000 ) 
 ( -0.210774  0.000000  0.000001  0.000000  0.301486  0.000000 ) 
 (  0.048202  0.000000  0.149519  0.000000 -0.150741  0.000000 ) 
 (  0.048200  0.000000 -0.149521  0.000000 -0.150745  0.000000 ) 
     freq (   32) =       8.069149 [THz] =     269.157843 [cm-1]
 (  0.000000  0.000000 -0.276561  0.000000  0.000004  0.000000 ) 
 ( -0.104498  0.000000 -0.095561  0.000000 -0.523078  0.000000 ) 
 (  0.104501  0.000000 -0.095563  0.000000  0.523074  0.000000 ) 
 ( -0.000002  0.000000  0.271698  0.000000 -0.000000  0.000000 ) 
 ( -0.000001  0.000000 -0.024495  0.000000  0.000001  0.000000 ) 
 ( -0.044479  0.000000  0.052545  0.000000 -0.088848  0.000000 ) 
 (  0.044479  0.000000  0.052544  0.000000  0.088847  0.000000 ) 
 ( -0.000001  0.000000  0.079890  0.000000 -0.000000  0.000000 ) 
 ( -0.000001  0.000000 -0.134527  0.000000  0.000002  0.000000 ) 
 ( -0.149519  0.000000  0.124450  0.000000 -0.261095  0.000000 ) 
 (  0.149520  0.000000  0.124448  0.000000  0.261093  0.000000 ) 
     freq (   33) =       8.863044 [THz] =     295.639339 [cm-1]
 ( -0.178694  0.000000  0.000000  0.000000 -0.402366  0.000000 ) 
 (  0.089347  0.000000 -0.154754  0.000000 -0.402366  0.000000 ) 
 (  0.089347  0.000000  0.154754  0.000000 -0.402366  0.000000 ) 
 (  0.000000  0.000000 -0.000000  0.000000  0.438627  0.000000 ) 
 ( -0.044644  0.000000 -0.000000  0.000000  0.078512  0.000000 ) 
 (  0.022322  0.000000 -0.038663  0.000000  0.078512  0.000000 ) 
 (  0.022322  0.000000  0.038663  0.000000  0.078512  0.000000 ) 
 (  0.000000  0.000000 -0.000000  0.000000  0.110524  0.000000 ) 
 ( -0.143198  0.000000  0.000000  0.000000  0.206488  0.000000 ) 
 (  0.071599  0.000000 -0.124013  0.000000  0.206488  0.000000 ) 
 (  0.071599  0.000000  0.124013  0.000000  0.206488  0.000000 ) 
 **************************************************************************
