   1   1   1   1        2.3793573274        0.0000000000
   2   1   1   1       -0.0010300815       -0.0000000596
   1   2   1   1       -0.0010300815       -0.0000000586
   2   2   1   1        0.6543317464       -0.0000000000
   1   1   2   1       -0.0010300815        0.0000000596
   2   1   2   1        0.0004609526       -0.0000000000
   1   2   2   1        0.0004609526        0.0000000000
   2   2   2   1       -0.0010300815        0.0000000586
   1   1   1   2       -0.0010300815        0.0000000586
   2   1   1   2        0.0004609526       -0.0000000000
   1   2   1   2        0.0004609526        0.0000000000
   2   2   1   2       -0.0010300815        0.0000000595
   1   1   2   2        0.6543317464        0.0000000000
   2   1   2   2       -0.0010300815       -0.0000000586
   1   2   2   2       -0.0010300815       -0.0000000595
   2   2   2   2        2.3793573276        0.0000000000
