# File generated by VASP contains Coulomb matrix elements
# V_ijkl = <ij|kl> 
#  I   J   K   L          RE(V_IJKL)          IM(V_IJKL)
   1   1   1   1        7.3829937076        0.0000000000
   2   1   1   1       -0.0035046974       -0.0000000013
   1   2   1   1       -0.0035046974        0.0000000013
   2   2   1   1        2.7944695585       -0.0000000000
   1   1   2   1       -0.0035046974        0.0000000013
   2   1   2   1        0.0012404046       -0.0000000000
   1   2   2   1        0.0012404046        0.0000000000
   2   2   2   1       -0.0035046973       -0.0000000012
   1   1   1   2       -0.0035046974       -0.0000000013
   2   1   1   2        0.0012404046       -0.0000000000
   1   2   1   2        0.0012404046        0.0000000000
   2   2   1   2       -0.0035046973        0.0000000012
   1   1   2   2        2.7944695585        0.0000000000
   2   1   2   2       -0.0035046973        0.0000000012
   1   2   2   2       -0.0035046973       -0.0000000012
   2   2   2   2        7.3829937086        0.0000000000
