   1   1   1   1        1.4980012893        0.0000000000
   2   1   1   1        0.0025517312       -0.0000119769
   1   2   1   1        0.0025517312        0.0000119762
   2   2   1   1        0.4097989046        0.0000000055
   1   1   2   1        0.0025517312        0.0000119769
   2   1   2   1        0.0015198106       -0.0000000000
   1   2   2   1        0.0015197437        0.0000142663
   2   2   2   1        0.0009224123        0.0000043292
   1   1   1   2        0.0025517312       -0.0000119762
   2   1   1   2        0.0015197437       -0.0000142663
   1   2   1   2        0.0015198106        0.0000000000
   2   2   1   2        0.0009224123       -0.0000043294
   1   1   2   2        0.4097989046       -0.0000000055
   2   1   2   2        0.0009224123       -0.0000043292
   1   2   2   2        0.0009224123        0.0000043294
   2   2   2   2        1.4939523188        0.0000000000
