# File generated by VASP contains Coulomb matrix elements
# V_ijkl = <ij|kl> 
#  I   J   K   L          RE(V_IJKL)          IM(V_IJKL)
   1   1   1   1        6.1025455315       -0.0000000000
   2   1   1   1        0.0123940809       -0.0000581717
   1   2   1   1        0.0123940809        0.0000581717
   2   2   1   1        2.3257307059       -0.0000000000
   1   1   2   1        0.0123940810        0.0000581717
   2   1   2   1        0.0028683391       -0.0000000000
   1   2   2   1        0.0028682128        0.0000269249
   2   2   2   1        0.0058903161        0.0000276465
   1   1   1   2        0.0123940810       -0.0000581717
   2   1   1   2        0.0028682128       -0.0000269249
   1   2   1   2        0.0028683391        0.0000000000
   2   2   1   2        0.0058903161       -0.0000276465
   1   1   2   2        2.3257307059        0.0000000000
   2   1   2   2        0.0058903161       -0.0000276465
   1   2   2   2        0.0058903161        0.0000276465
   2   2   2   2        6.0854317009       -0.0000000000
