# File generated by VASP contains (un)screened Coulomb potential
# W_ijkl = [ij|kl] = < ik|W(r1,r2)|jl> 
# omega =      0.00000     0.00000
#  I   J   K   L          RE(W_IJKL)          IM(W_IJKL)
   1   1   1   1        1.5824681759       -0.0000000000
   2   1   1   1        0.0017478196        0.0000000140
   1   2   1   1        0.0017478196        0.0000000139
   2   2   1   1        0.6688147269       -0.0000000000
   1   1   2   1        0.0017478196       -0.0000000140
   2   1   2   1        0.0022046453        0.0000000000
   1   2   2   1        0.0022046453       -0.0000000000
   2   2   2   1        0.0017478196       -0.0000000139
   1   1   1   2        0.0017478196       -0.0000000139
   2   1   1   2        0.0022046453        0.0000000000
   1   2   1   2        0.0022046453       -0.0000000000
   2   2   1   2        0.0017478196       -0.0000000140
   1   1   2   2        0.6688147269        0.0000000000
   2   1   2   2        0.0017478196        0.0000000139
   1   2   2   2        0.0017478196        0.0000000140
   2   2   2   2        1.5824681759       -0.0000000000
