# File generated by VASP contains (un)screened Coulomb potential
# W_ijkl = [ij|kl] = < ik|W(r1,r2)|jl> 
# omega =      0.00000     0.00000
#  I   J   K   L          RE(W_IJKL)          IM(W_IJKL)
   1   1   1   1        2.5905384742       -0.0000000000
   2   1   1   1       -0.0010176341        0.0000000046
   1   2   1   1       -0.0010176341        0.0000000047
   2   2   1   1        0.7145689668       -0.0000000000
   1   1   2   1       -0.0010176341       -0.0000000046
   2   1   2   1        0.0004586909       -0.0000000000
   1   2   2   1        0.0004586909        0.0000000000
   2   2   2   1       -0.0010176341       -0.0000000047
   1   1   1   2       -0.0010176341       -0.0000000047
   2   1   1   2        0.0004586909       -0.0000000000
   1   2   1   2        0.0004586909        0.0000000000
   2   2   1   2       -0.0010176341       -0.0000000046
   1   1   2   2        0.7145689668        0.0000000000
   2   1   2   2       -0.0010176341        0.0000000047
   1   2   2   2       -0.0010176341        0.0000000046
   2   2   2   2        2.5905384742        0.0000000000
