   1   1   1   1        1.1500670871       -0.0000000000
   2   1   1   1        0.0022246414       -0.0000504979
   1   2   1   1        0.0022246390        0.0000506032
   2   2   1   1        0.3137466833        0.0000000000
   1   1   2   1        0.0022246414        0.0000504979
   2   1   2   1        0.0019044846        0.0000000000
   1   2   2   1        0.0019025094        0.0000867166
   2   2   2   1        0.0022242013        0.0000507335
   1   1   1   2        0.0022246390       -0.0000506032
   2   1   1   2        0.0019025094       -0.0000867166
   1   2   1   2        0.0019044846        0.0000000000
   2   2   1   2        0.0022241989       -0.0000508388
   1   1   2   2        0.3137466833       -0.0000000000
   2   1   2   2        0.0022242013       -0.0000507335
   1   2   2   2        0.0022241989        0.0000508388
   2   2   2   2        1.1500670918        0.0000000000
