# File generated by VASP contains Coulomb matrix elements
# V_ijkl = <ij|kl> 
#  I   J   K   L          RE(V_IJKL)          IM(V_IJKL)
   1   1   1   1        5.7538998816        0.0000000000
   2   1   1   1        0.0132244279       -0.0003007091
   1   2   1   1        0.0132244279        0.0003007091
   2   2   1   1        2.2133345831       -0.0000000000
   1   1   2   1        0.0132244279        0.0003007091
   2   1   2   1        0.0039726764        0.0000000000
   1   2   2   1        0.0039685561        0.0001808872
   2   2   2   1        0.0132225602        0.0003017065
   1   1   1   2        0.0132244279       -0.0003007091
   2   1   1   2        0.0039685561       -0.0001808872
   1   2   1   2        0.0039726764       -0.0000000000
   2   2   1   2        0.0132225602       -0.0003017065
   1   1   2   2        2.2133345831        0.0000000000
   2   1   2   2        0.0132225602       -0.0003017065
   1   2   2   2        0.0132225602        0.0003017065
   2   2   2   2        5.7538999092       -0.0000000000
