Dynamical matrix file
Nb3I8                                                                      
  2   11   0  14.4199854   0.0000000   0.0000000   0.0000000   0.0000000   0.0000000
Basis vectors
      0.866025404    0.500000000    0.000000000
     -0.866025404    0.500000000    0.000000000
      0.000000000    0.000000000    4.503735405
           1  'Nb     '    84678.976084622787     
           2  'I      '    115666.34860625520     
    1    1      0.6389149167      0.5000000000      0.4477546321
    2    1      0.1135552435      0.8033165487      0.4477546321
    3    1      0.1135552435      0.1966834513      0.4477546321
    4    2     -0.5777648472      0.5000000000      0.1969995610
    5    2     -0.1441302783      0.2496409649      0.1969995610
    6    2     -0.1441302783      0.7503590351      0.1969995610
    7    2      0.2886751346      0.5000000000      0.2557556131
    8    2     -0.0050724362      0.5000000000      0.6497472932
    9    2     -0.4304764838      0.7456071413      0.6497472932
   10    2     -0.4304764838      0.2543928586      0.6497472932
   11    2     -0.8660254038      0.5000000000      0.7304268017

     Dynamical  Matrix in cartesian axes

     q = (    0.000000000   0.000000000   0.000000000 ) 

    1    1
  0.22652858   0.00000000    -0.00000000   0.00000000     0.03373242   0.00000000
  0.00000000   0.00000000     0.22336854   0.00000000     0.00000000   0.00000000
  0.03373242   0.00000000     0.00000000   0.00000000     0.32290412   0.00000000
    1    2
 -0.04499331   0.00000000     0.02741169   0.00000000    -0.00376311   0.00000000
  0.01560553   0.00000000    -0.02015731   0.00000000     0.00696606   0.00000000
  0.00791434   0.00000000     0.00022408   0.00000000    -0.01575048   0.00000000
    1    3
 -0.04499331   0.00000000    -0.02741169   0.00000000    -0.00376311   0.00000000
 -0.01560553   0.00000000    -0.02015731   0.00000000    -0.00696606   0.00000000
  0.00791434   0.00000000    -0.00022408   0.00000000    -0.01575048   0.00000000
    1    4
 -0.00929506   0.00000000    -0.00000000   0.00000000     0.00462159   0.00000000
 -0.00000000   0.00000000     0.00191371   0.00000000     0.00000000   0.00000000
  0.00190471   0.00000000    -0.00000000   0.00000000    -0.00490026   0.00000000
    1    5
 -0.00992807   0.00000000    -0.01155996   0.00000000     0.01169194   0.00000000
 -0.01929401   0.00000000    -0.05209691   0.00000000     0.04911749   0.00000000
  0.01693135   0.00000000     0.05420217   0.00000000    -0.06379457   0.00000000
    1    6
 -0.00992807   0.00000000     0.01155996   0.00000000     0.01169194   0.00000000
  0.01929401   0.00000000    -0.05209691   0.00000000    -0.04911749   0.00000000
  0.01693135   0.00000000    -0.05420217   0.00000000    -0.06379457   0.00000000
    1    7
 -0.01994428   0.00000000     0.00000000   0.00000000    -0.00600539   0.00000000
 -0.00000000   0.00000000    -0.01701960   0.00000000     0.00000000   0.00000000
 -0.01294148   0.00000000     0.00000000   0.00000000    -0.02116806   0.00000000
    1    8
  0.00093496   0.00000000    -0.00000000   0.00000000     0.00248427   0.00000000
  0.00000000   0.00000000    -0.00924750   0.00000000     0.00000000   0.00000000
 -0.00367129   0.00000000    -0.00000000   0.00000000    -0.00384032   0.00000000
    1    9
 -0.01721693   0.00000000    -0.01235249   0.00000000     0.00105538   0.00000000
 -0.00876199   0.00000000    -0.02148319   0.00000000     0.01539998   0.00000000
  0.00047485   0.00000000     0.01787971   0.00000000    -0.02938393   0.00000000
    1   10
 -0.01721693   0.00000000     0.01235249   0.00000000     0.00105538   0.00000000
  0.00876199   0.00000000    -0.02148319   0.00000000    -0.01539998   0.00000000
  0.00047485   0.00000000    -0.01787971   0.00000000    -0.02938393   0.00000000
    1   11
 -0.05504814   0.00000000     0.00000000   0.00000000    -0.05241203   0.00000000
 -0.00000000   0.00000000    -0.01366547   0.00000000     0.00000000   0.00000000
 -0.07149452   0.00000000     0.00000000   0.00000000    -0.07587448   0.00000000
    2    1
 -0.04499331   0.00000000     0.01560553   0.00000000     0.00791434   0.00000000
  0.02741169   0.00000000    -0.02015731   0.00000000     0.00022408   0.00000000
 -0.00376311   0.00000000     0.00696606   0.00000000    -0.01575048   0.00000000
    2    2
  0.22415855   0.00000000    -0.00136834   0.00000000    -0.01686621   0.00000000
 -0.00136834   0.00000000     0.22573857   0.00000000     0.02921313   0.00000000
 -0.01686621   0.00000000     0.02921313   0.00000000     0.32290412   0.00000000
    2    3
 -0.00773930   0.00000000     0.00590308   0.00000000    -0.00415123   0.00000000
 -0.00590308   0.00000000    -0.05741132   0.00000000    -0.00674198   0.00000000
 -0.00415123   0.00000000     0.00674198   0.00000000    -0.01575048   0.00000000
    2    4
 -0.02819454   0.00000000    -0.02984017   0.00000000     0.03669103   0.00000000
 -0.02210611   0.00000000    -0.03383044   0.00000000     0.03468426   0.00000000
  0.03847478   0.00000000     0.04176406   0.00000000    -0.06379457   0.00000000
    2    5
 -0.00088848   0.00000000     0.00485354   0.00000000    -0.00231080   0.00000000
  0.00485354   0.00000000    -0.00649287   0.00000000     0.00400242   0.00000000
 -0.00095235   0.00000000     0.00164952   0.00000000    -0.00490026   0.00000000
    2    6
 -0.05491486   0.00000000    -0.00667912   0.00000000    -0.04838297   0.00000000
 -0.01441318   0.00000000    -0.00711012   0.00000000    -0.01443323   0.00000000
 -0.05540613   0.00000000    -0.01243811   0.00000000    -0.06379457   0.00000000
    2    7
 -0.01775077   0.00000000     0.00126642   0.00000000     0.00300270   0.00000000
  0.00126642   0.00000000    -0.01921311   0.00000000    -0.00520082   0.00000000
  0.00647074   0.00000000    -0.01120765   0.00000000    -0.02116806   0.00000000
    2    8
 -0.01127379   0.00000000    -0.00533071   0.00000000     0.01280908   0.00000000
 -0.00892122   0.00000000    -0.02742634   0.00000000     0.00861398   0.00000000
  0.01524686   0.00000000     0.00935109   0.00000000    -0.02938393   0.00000000
    2    9
 -0.00670189   0.00000000    -0.00440914   0.00000000    -0.00124213   0.00000000
 -0.00440914   0.00000000    -0.00161065   0.00000000     0.00215144   0.00000000
  0.00183564   0.00000000    -0.00317943   0.00000000    -0.00384032   0.00000000
    2   10
 -0.02955947   0.00000000     0.00163603   0.00000000    -0.01386447   0.00000000
  0.00522653   0.00000000    -0.00914066   0.00000000    -0.00678600   0.00000000
 -0.01572171   0.00000000    -0.00852862   0.00000000    -0.02938393   0.00000000
    2   11
 -0.02401114   0.00000000     0.01791922   0.00000000     0.02620602   0.00000000
  0.01791922   0.00000000    -0.04470247   0.00000000    -0.04539015   0.00000000
  0.03574726   0.00000000    -0.06191607   0.00000000    -0.07587448   0.00000000
    3    1
 -0.04499331   0.00000000    -0.01560553   0.00000000     0.00791434   0.00000000
 -0.02741169   0.00000000    -0.02015731   0.00000000    -0.00022408   0.00000000
 -0.00376311   0.00000000    -0.00696606   0.00000000    -0.01575048   0.00000000
    3    2
 -0.00773930   0.00000000    -0.00590308   0.00000000    -0.00415123   0.00000000
  0.00590308   0.00000000    -0.05741132   0.00000000     0.00674198   0.00000000
 -0.00415123   0.00000000    -0.00674198   0.00000000    -0.01575048   0.00000000
    3    3
  0.22415855   0.00000000     0.00136834   0.00000000    -0.01686621   0.00000000
  0.00136834   0.00000000     0.22573857   0.00000000    -0.02921313   0.00000000
 -0.01686621   0.00000000    -0.02921313   0.00000000     0.32290412   0.00000000
    3    4
 -0.02819454   0.00000000     0.02984017   0.00000000     0.03669103   0.00000000
  0.02210611   0.00000000    -0.03383044   0.00000000    -0.03468426   0.00000000
  0.03847478   0.00000000    -0.04176406   0.00000000    -0.06379457   0.00000000
    3    5
 -0.05491486   0.00000000     0.00667912   0.00000000    -0.04838297   0.00000000
  0.01441318   0.00000000    -0.00711012   0.00000000     0.01443323   0.00000000
 -0.05540613   0.00000000     0.01243811   0.00000000    -0.06379457   0.00000000
    3    6
 -0.00088848   0.00000000    -0.00485354   0.00000000    -0.00231080   0.00000000
 -0.00485354   0.00000000    -0.00649287   0.00000000    -0.00400242   0.00000000
 -0.00095235   0.00000000    -0.00164952   0.00000000    -0.00490026   0.00000000
    3    7
 -0.01775077   0.00000000    -0.00126642   0.00000000     0.00300270   0.00000000
 -0.00126642   0.00000000    -0.01921311   0.00000000     0.00520082   0.00000000
  0.00647074   0.00000000     0.01120765   0.00000000    -0.02116806   0.00000000
    3    8
 -0.01127379   0.00000000     0.00533071   0.00000000     0.01280908   0.00000000
  0.00892122   0.00000000    -0.02742634   0.00000000    -0.00861398   0.00000000
  0.01524686   0.00000000    -0.00935109   0.00000000    -0.02938393   0.00000000
    3    9
 -0.02955947   0.00000000    -0.00163603   0.00000000    -0.01386447   0.00000000
 -0.00522653   0.00000000    -0.00914066   0.00000000     0.00678600   0.00000000
 -0.01572171   0.00000000     0.00852862   0.00000000    -0.02938393   0.00000000
    3   10
 -0.00670189   0.00000000     0.00440914   0.00000000    -0.00124213   0.00000000
  0.00440914   0.00000000    -0.00161065   0.00000000    -0.00215144   0.00000000
  0.00183564   0.00000000     0.00317943   0.00000000    -0.00384032   0.00000000
    3   11
 -0.02401114   0.00000000    -0.01791922   0.00000000     0.02620602   0.00000000
 -0.01791922   0.00000000    -0.04470247   0.00000000     0.04539015   0.00000000
  0.03574726   0.00000000     0.06191607   0.00000000    -0.07587448   0.00000000
    4    1
 -0.00929506   0.00000000     0.00000000   0.00000000     0.00190471   0.00000000
  0.00000000   0.00000000     0.00191371   0.00000000     0.00000000   0.00000000
  0.00462159   0.00000000    -0.00000000   0.00000000    -0.00490026   0.00000000
    4    2
 -0.02819454   0.00000000    -0.02210611   0.00000000     0.03847478   0.00000000
 -0.02984017   0.00000000    -0.03383044   0.00000000     0.04176406   0.00000000
  0.03669103   0.00000000     0.03468426   0.00000000    -0.06379457   0.00000000
    4    3
 -0.02819454   0.00000000     0.02210611   0.00000000     0.03847478   0.00000000
  0.02984017   0.00000000    -0.03383044   0.00000000    -0.04176406   0.00000000
  0.03669103   0.00000000    -0.03468426   0.00000000    -0.06379457   0.00000000
    4    4
  0.10867054   0.00000000     0.00000000   0.00000000    -0.07363724   0.00000000
  0.00000000   0.00000000     0.11854509   0.00000000     0.00000000   0.00000000
 -0.07363724   0.00000000     0.00000000   0.00000000     0.13222267   0.00000000
    4    5
 -0.02138447   0.00000000     0.00952631   0.00000000     0.00103436   0.00000000
  0.01436896   0.00000000    -0.00758853   0.00000000    -0.00018682   0.00000000
 -0.00067897   0.00000000     0.00080238   0.00000000     0.00595798   0.00000000
    4    6
 -0.02138447   0.00000000    -0.00952631   0.00000000     0.00103436   0.00000000
 -0.01436896   0.00000000    -0.00758853   0.00000000     0.00018682   0.00000000
 -0.00067897   0.00000000    -0.00080238   0.00000000     0.00595798   0.00000000
    4    7
  0.00102003   0.00000000    -0.00000000   0.00000000    -0.00200025   0.00000000
  0.00000000   0.00000000    -0.02728848   0.00000000     0.00000000   0.00000000
 -0.00164959   0.00000000     0.00000000   0.00000000     0.00358872   0.00000000
    4    8
  0.00084068   0.00000000     0.00000000   0.00000000     0.00036295   0.00000000
  0.00000000   0.00000000    -0.00945147   0.00000000     0.00000000   0.00000000
 -0.00013198   0.00000000     0.00000000   0.00000000    -0.00026314   0.00000000
    4    9
 -0.00168371   0.00000000    -0.00287427   0.00000000    -0.00304116   0.00000000
 -0.00227246   0.00000000    -0.00263297   0.00000000    -0.00518557   0.00000000
 -0.00293038   0.00000000    -0.00332553   0.00000000    -0.00725193   0.00000000
    4   10
 -0.00168371   0.00000000     0.00287427   0.00000000    -0.00304116   0.00000000
  0.00227246   0.00000000    -0.00263297   0.00000000     0.00518557   0.00000000
 -0.00293038   0.00000000     0.00332553   0.00000000    -0.00725193   0.00000000
    4   11
  0.00149444   0.00000000     0.00000000   0.00000000     0.00033769   0.00000000
  0.00000000   0.00000000     0.00258875   0.00000000     0.00000000   0.00000000
  0.00184234   0.00000000     0.00000000   0.00000000    -0.00032791   0.00000000
    5    1
 -0.00992807   0.00000000    -0.01929401   0.00000000     0.01693135   0.00000000
 -0.01155996   0.00000000    -0.05209691   0.00000000     0.05420217   0.00000000
  0.01169194   0.00000000     0.04911749   0.00000000    -0.06379457   0.00000000
    5    2
 -0.00088848   0.00000000     0.00485354   0.00000000    -0.00095235   0.00000000
  0.00485354   0.00000000    -0.00649287   0.00000000     0.00164952   0.00000000
 -0.00231080   0.00000000     0.00400242   0.00000000    -0.00490026   0.00000000
    5    3
 -0.05491486   0.00000000     0.01441318   0.00000000    -0.05540613   0.00000000
  0.00667912   0.00000000    -0.00711012   0.00000000     0.01243811   0.00000000
 -0.04838297   0.00000000     0.01443323   0.00000000    -0.06379457   0.00000000
    5    4
 -0.02138447   0.00000000     0.01436896   0.00000000    -0.00067897   0.00000000
  0.00952631   0.00000000    -0.00758853   0.00000000     0.00080238   0.00000000
  0.00103436   0.00000000    -0.00018682   0.00000000     0.00595798   0.00000000
    5    5
  0.11607645   0.00000000     0.00427581   0.00000000     0.03681862   0.00000000
  0.00427581   0.00000000     0.11113917   0.00000000    -0.06377172   0.00000000
  0.03681862   0.00000000    -0.06377172   0.00000000     0.13222267   0.00000000
    5    6
 -0.00069056   0.00000000    -0.00242133   0.00000000    -0.00035539   0.00000000
  0.00242133   0.00000000    -0.02828244   0.00000000     0.00098919   0.00000000
 -0.00035539   0.00000000    -0.00098919   0.00000000     0.00595798   0.00000000
    5    7
 -0.02021135   0.00000000    -0.01225795   0.00000000     0.00100012   0.00000000
 -0.01225795   0.00000000    -0.00605710   0.00000000    -0.00173226   0.00000000
  0.00082479   0.00000000    -0.00142858   0.00000000     0.00358872   0.00000000
    5    8
 -0.00016705   0.00000000    -0.00139682   0.00000000    -0.00297025   0.00000000
 -0.00199863   0.00000000    -0.00414962   0.00000000    -0.00522651   0.00000000
 -0.00141480   0.00000000    -0.00420055   0.00000000    -0.00725193   0.00000000
    5    9
 -0.00687843   0.00000000    -0.00445663   0.00000000    -0.00018148   0.00000000
 -0.00445663   0.00000000    -0.00173236   0.00000000     0.00031433   0.00000000
  0.00006599   0.00000000    -0.00011430   0.00000000    -0.00026314   0.00000000
    5   10
 -0.00462425   0.00000000     0.00057473   0.00000000     0.00601141   0.00000000
  0.00117655   0.00000000     0.00030758   0.00000000    -0.00004094   0.00000000
  0.00434518   0.00000000    -0.00087502   0.00000000    -0.00725193   0.00000000
    5   11
  0.00231517   0.00000000     0.00047385   0.00000000    -0.00016884   0.00000000
  0.00047385   0.00000000     0.00176802   0.00000000     0.00029245   0.00000000
 -0.00092117   0.00000000     0.00159551   0.00000000    -0.00032791   0.00000000
    6    1
 -0.00992807   0.00000000     0.01929401   0.00000000     0.01693135   0.00000000
  0.01155996   0.00000000    -0.05209691   0.00000000    -0.05420217   0.00000000
  0.01169194   0.00000000    -0.04911749   0.00000000    -0.06379457   0.00000000
    6    2
 -0.05491486   0.00000000    -0.01441318   0.00000000    -0.05540613   0.00000000
 -0.00667912   0.00000000    -0.00711012   0.00000000    -0.01243811   0.00000000
 -0.04838297   0.00000000    -0.01443323   0.00000000    -0.06379457   0.00000000
    6    3
 -0.00088848   0.00000000    -0.00485354   0.00000000    -0.00095235   0.00000000
 -0.00485354   0.00000000    -0.00649287   0.00000000    -0.00164952   0.00000000
 -0.00231080   0.00000000    -0.00400242   0.00000000    -0.00490026   0.00000000
    6    4
 -0.02138447   0.00000000    -0.01436896   0.00000000    -0.00067897   0.00000000
 -0.00952631   0.00000000    -0.00758853   0.00000000    -0.00080238   0.00000000
  0.00103436   0.00000000     0.00018682   0.00000000     0.00595798   0.00000000
    6    5
 -0.00069056   0.00000000     0.00242133   0.00000000    -0.00035539   0.00000000
 -0.00242133   0.00000000    -0.02828244   0.00000000    -0.00098919   0.00000000
 -0.00035539   0.00000000     0.00098919   0.00000000     0.00595798   0.00000000
    6    6
  0.11607645   0.00000000    -0.00427581   0.00000000     0.03681862   0.00000000
 -0.00427581   0.00000000     0.11113917   0.00000000     0.06377172   0.00000000
  0.03681862   0.00000000     0.06377172   0.00000000     0.13222267   0.00000000
    6    7
 -0.02021135   0.00000000     0.01225795   0.00000000     0.00100012   0.00000000
  0.01225795   0.00000000    -0.00605710   0.00000000     0.00173226   0.00000000
  0.00082479   0.00000000     0.00142858   0.00000000     0.00358872   0.00000000
    6    8
 -0.00016705   0.00000000     0.00139682   0.00000000    -0.00297025   0.00000000
  0.00199863   0.00000000    -0.00414962   0.00000000     0.00522651   0.00000000
 -0.00141480   0.00000000     0.00420055   0.00000000    -0.00725193   0.00000000
    6    9
 -0.00462425   0.00000000    -0.00057473   0.00000000     0.00601141   0.00000000
 -0.00117655   0.00000000     0.00030758   0.00000000     0.00004094   0.00000000
  0.00434518   0.00000000     0.00087502   0.00000000    -0.00725193   0.00000000
    6   10
 -0.00687843   0.00000000     0.00445663   0.00000000    -0.00018148   0.00000000
  0.00445663   0.00000000    -0.00173236   0.00000000    -0.00031433   0.00000000
  0.00006599   0.00000000     0.00011430   0.00000000    -0.00026314   0.00000000
    6   11
  0.00231517   0.00000000    -0.00047385   0.00000000    -0.00016884   0.00000000
 -0.00047385   0.00000000     0.00176802   0.00000000    -0.00029245   0.00000000
 -0.00092117   0.00000000    -0.00159551   0.00000000    -0.00032791   0.00000000
    7    1
 -0.01994428   0.00000000     0.00000000   0.00000000    -0.01294148   0.00000000
 -0.00000000   0.00000000    -0.01701960   0.00000000     0.00000000   0.00000000
 -0.00600539   0.00000000     0.00000000   0.00000000    -0.02116806   0.00000000
    7    2
 -0.01775077   0.00000000     0.00126642   0.00000000     0.00647074   0.00000000
  0.00126642   0.00000000    -0.01921311   0.00000000    -0.01120765   0.00000000
  0.00300270   0.00000000    -0.00520082   0.00000000    -0.02116806   0.00000000
    7    3
 -0.01775077   0.00000000    -0.00126642   0.00000000     0.00647074   0.00000000
 -0.00126642   0.00000000    -0.01921311   0.00000000     0.01120765   0.00000000
  0.00300270   0.00000000     0.00520082   0.00000000    -0.02116806   0.00000000
    7    4
  0.00102003   0.00000000    -0.00000000   0.00000000    -0.00164959   0.00000000
  0.00000000   0.00000000    -0.02728848   0.00000000     0.00000000   0.00000000
 -0.00200025   0.00000000     0.00000000   0.00000000     0.00358872   0.00000000
    7    5
 -0.02021135   0.00000000    -0.01225795   0.00000000     0.00082479   0.00000000
 -0.01225795   0.00000000    -0.00605710   0.00000000    -0.00142858   0.00000000
  0.00100012   0.00000000    -0.00173226   0.00000000     0.00358872   0.00000000
    7    6
 -0.02021135   0.00000000     0.01225795   0.00000000     0.00082479   0.00000000
  0.01225795   0.00000000    -0.00605710   0.00000000     0.00142858   0.00000000
  0.00100012   0.00000000     0.00173226   0.00000000     0.00358872   0.00000000
    7    7
  0.09990241   0.00000000    -0.00000000   0.00000000     0.00000000   0.00000000
 -0.00000000   0.00000000     0.09990241   0.00000000     0.00000000   0.00000000
  0.00000000   0.00000000     0.00000000   0.00000000     0.08584584   0.00000000
    7    8
 -0.00511073   0.00000000    -0.00000000   0.00000000     0.00859890   0.00000000
  0.00000000   0.00000000     0.00273649   0.00000000    -0.00000000   0.00000000
  0.00967565   0.00000000    -0.00000000   0.00000000    -0.01133689   0.00000000
    7    9
  0.00077468   0.00000000     0.00339794   0.00000000    -0.00429945   0.00000000
  0.00339794   0.00000000    -0.00314893   0.00000000     0.00744687   0.00000000
 -0.00483783   0.00000000     0.00837936   0.00000000    -0.01133689   0.00000000
    7   10
  0.00077468   0.00000000    -0.00339794   0.00000000    -0.00429945   0.00000000
 -0.00339794   0.00000000    -0.00314893   0.00000000    -0.00744687   0.00000000
 -0.00483783   0.00000000    -0.00837936   0.00000000    -0.01133689   0.00000000
    7   11
 -0.00266200   0.00000000     0.00000000   0.00000000     0.00000000   0.00000000
  0.00000000   0.00000000    -0.00266200   0.00000000     0.00000000   0.00000000
  0.00000000   0.00000000     0.00000000   0.00000000     0.00144397   0.00000000
    8    1
  0.00093496   0.00000000    -0.00000000   0.00000000    -0.00367129   0.00000000
 -0.00000000   0.00000000    -0.00924750   0.00000000    -0.00000000   0.00000000
  0.00248427   0.00000000     0.00000000   0.00000000    -0.00384032   0.00000000
    8    2
 -0.01127379   0.00000000    -0.00892122   0.00000000     0.01524686   0.00000000
 -0.00533071   0.00000000    -0.02742634   0.00000000     0.00935109   0.00000000
  0.01280908   0.00000000     0.00861398   0.00000000    -0.02938393   0.00000000
    8    3
 -0.01127379   0.00000000     0.00892122   0.00000000     0.01524686   0.00000000
  0.00533071   0.00000000    -0.02742634   0.00000000    -0.00935109   0.00000000
  0.01280908   0.00000000    -0.00861398   0.00000000    -0.02938393   0.00000000
    8    4
  0.00084068   0.00000000     0.00000000   0.00000000    -0.00013198   0.00000000
  0.00000000   0.00000000    -0.00945147   0.00000000     0.00000000   0.00000000
  0.00036295   0.00000000     0.00000000   0.00000000    -0.00026314   0.00000000
    8    5
 -0.00016705   0.00000000    -0.00199863   0.00000000    -0.00141480   0.00000000
 -0.00139682   0.00000000    -0.00414962   0.00000000    -0.00420055   0.00000000
 -0.00297025   0.00000000    -0.00522651   0.00000000    -0.00725193   0.00000000
    8    6
 -0.00016705   0.00000000     0.00199863   0.00000000    -0.00141480   0.00000000
  0.00139682   0.00000000    -0.00414962   0.00000000     0.00420055   0.00000000
 -0.00297025   0.00000000     0.00522651   0.00000000    -0.00725193   0.00000000
    8    7
 -0.00511073   0.00000000    -0.00000000   0.00000000     0.00967565   0.00000000
  0.00000000   0.00000000     0.00273649   0.00000000    -0.00000000   0.00000000
  0.00859890   0.00000000     0.00000000   0.00000000    -0.01133689   0.00000000
    8    8
  0.07821677   0.00000000     0.00000000   0.00000000    -0.03128828   0.00000000
  0.00000000   0.00000000     0.11535131   0.00000000     0.00000000   0.00000000
 -0.03128828   0.00000000     0.00000000   0.00000000     0.07655110   0.00000000
    8    9
 -0.02535947   0.00000000     0.01338246   0.00000000    -0.00125804   0.00000000
  0.01770310   0.00000000    -0.00741221   0.00000000     0.00086405   0.00000000
  0.00137731   0.00000000    -0.00065747   0.00000000     0.00403439   0.00000000
    8   10
 -0.02535947   0.00000000    -0.01338246   0.00000000    -0.00125804   0.00000000
 -0.01770310   0.00000000    -0.00741221   0.00000000    -0.00086405   0.00000000
  0.00137731   0.00000000     0.00065747   0.00000000     0.00403439   0.00000000
    8   11
  0.00243879   0.00000000     0.00000000   0.00000000    -0.00138063   0.00000000
  0.00000000   0.00000000    -0.02221180   0.00000000     0.00000000   0.00000000
 -0.00300621   0.00000000     0.00000000   0.00000000     0.00465918   0.00000000
    9    1
 -0.01721693   0.00000000    -0.00876199   0.00000000     0.00047485   0.00000000
 -0.01235249   0.00000000    -0.02148319   0.00000000     0.01787971   0.00000000
  0.00105538   0.00000000     0.01539998   0.00000000    -0.02938393   0.00000000
    9    2
 -0.00670189   0.00000000    -0.00440914   0.00000000     0.00183564   0.00000000
 -0.00440914   0.00000000    -0.00161065   0.00000000    -0.00317943   0.00000000
 -0.00124213   0.00000000     0.00215144   0.00000000    -0.00384032   0.00000000
    9    3
 -0.02955947   0.00000000    -0.00522653   0.00000000    -0.01572171   0.00000000
 -0.00163603   0.00000000    -0.00914066   0.00000000     0.00852862   0.00000000
 -0.01386447   0.00000000     0.00678600   0.00000000    -0.02938393   0.00000000
    9    4
 -0.00168371   0.00000000    -0.00227246   0.00000000    -0.00293038   0.00000000
 -0.00287427   0.00000000    -0.00263297   0.00000000    -0.00332553   0.00000000
 -0.00304116   0.00000000    -0.00518557   0.00000000    -0.00725193   0.00000000
    9    5
 -0.00687843   0.00000000    -0.00445663   0.00000000     0.00006599   0.00000000
 -0.00445663   0.00000000    -0.00173236   0.00000000    -0.00011430   0.00000000
 -0.00018148   0.00000000     0.00031433   0.00000000    -0.00026314   0.00000000
    9    6
 -0.00462425   0.00000000    -0.00117655   0.00000000     0.00434518   0.00000000
 -0.00057473   0.00000000     0.00030758   0.00000000     0.00087502   0.00000000
  0.00601141   0.00000000     0.00004094   0.00000000    -0.00725193   0.00000000
    9    7
  0.00077468   0.00000000     0.00339794   0.00000000    -0.00483783   0.00000000
  0.00339794   0.00000000    -0.00314893   0.00000000     0.00837936   0.00000000
 -0.00429945   0.00000000     0.00744687   0.00000000    -0.01133689   0.00000000
    9    8
 -0.02535947   0.00000000     0.01770310   0.00000000     0.00137731   0.00000000
  0.01338246   0.00000000    -0.00741221   0.00000000    -0.00065747   0.00000000
 -0.00125804   0.00000000     0.00086405   0.00000000     0.00403439   0.00000000
    9    9
  0.10606767   0.00000000     0.01607972   0.00000000     0.01564414   0.00000000
  0.01607972   0.00000000     0.08750041   0.00000000    -0.02709644   0.00000000
  0.01564414   0.00000000    -0.02709644   0.00000000     0.07655110   0.00000000
    9   10
  0.00156142   0.00000000    -0.00216032   0.00000000    -0.00011927   0.00000000
  0.00216032   0.00000000    -0.03433310   0.00000000    -0.00152152   0.00000000
 -0.00011927   0.00000000     0.00152152   0.00000000     0.00403439   0.00000000
    9   11
 -0.01604915   0.00000000    -0.01067402   0.00000000     0.00069032   0.00000000
 -0.01067402   0.00000000    -0.00372386   0.00000000    -0.00119566   0.00000000
  0.00150310   0.00000000    -0.00260345   0.00000000     0.00465918   0.00000000
   10    1
 -0.01721693   0.00000000     0.00876199   0.00000000     0.00047485   0.00000000
  0.01235249   0.00000000    -0.02148319   0.00000000    -0.01787971   0.00000000
  0.00105538   0.00000000    -0.01539998   0.00000000    -0.02938393   0.00000000
   10    2
 -0.02955947   0.00000000     0.00522653   0.00000000    -0.01572171   0.00000000
  0.00163603   0.00000000    -0.00914066   0.00000000    -0.00852862   0.00000000
 -0.01386447   0.00000000    -0.00678600   0.00000000    -0.02938393   0.00000000
   10    3
 -0.00670189   0.00000000     0.00440914   0.00000000     0.00183564   0.00000000
  0.00440914   0.00000000    -0.00161065   0.00000000     0.00317943   0.00000000
 -0.00124213   0.00000000    -0.00215144   0.00000000    -0.00384032   0.00000000
   10    4
 -0.00168371   0.00000000     0.00227246   0.00000000    -0.00293038   0.00000000
  0.00287427   0.00000000    -0.00263297   0.00000000     0.00332553   0.00000000
 -0.00304116   0.00000000     0.00518557   0.00000000    -0.00725193   0.00000000
   10    5
 -0.00462425   0.00000000     0.00117655   0.00000000     0.00434518   0.00000000
  0.00057473   0.00000000     0.00030758   0.00000000    -0.00087502   0.00000000
  0.00601141   0.00000000    -0.00004094   0.00000000    -0.00725193   0.00000000
   10    6
 -0.00687843   0.00000000     0.00445663   0.00000000     0.00006599   0.00000000
  0.00445663   0.00000000    -0.00173236   0.00000000     0.00011430   0.00000000
 -0.00018148   0.00000000    -0.00031433   0.00000000    -0.00026314   0.00000000
   10    7
  0.00077468   0.00000000    -0.00339794   0.00000000    -0.00483783   0.00000000
 -0.00339794   0.00000000    -0.00314893   0.00000000    -0.00837936   0.00000000
 -0.00429945   0.00000000    -0.00744687   0.00000000    -0.01133689   0.00000000
   10    8
 -0.02535947   0.00000000    -0.01770310   0.00000000     0.00137731   0.00000000
 -0.01338246   0.00000000    -0.00741221   0.00000000     0.00065747   0.00000000
 -0.00125804   0.00000000    -0.00086405   0.00000000     0.00403439   0.00000000
   10    9
  0.00156142   0.00000000     0.00216032   0.00000000    -0.00011927   0.00000000
 -0.00216032   0.00000000    -0.03433310   0.00000000     0.00152152   0.00000000
 -0.00011927   0.00000000    -0.00152152   0.00000000     0.00403439   0.00000000
   10   10
  0.10606767   0.00000000    -0.01607972   0.00000000     0.01564414   0.00000000
 -0.01607972   0.00000000     0.08750041   0.00000000     0.02709644   0.00000000
  0.01564414   0.00000000     0.02709644   0.00000000     0.07655110   0.00000000
   10   11
 -0.01604915   0.00000000     0.01067402   0.00000000     0.00069032   0.00000000
  0.01067402   0.00000000    -0.00372386   0.00000000     0.00119566   0.00000000
  0.00150310   0.00000000     0.00260345   0.00000000     0.00465918   0.00000000
   11    1
 -0.05504814   0.00000000    -0.00000000   0.00000000    -0.07149452   0.00000000
  0.00000000   0.00000000    -0.01366547   0.00000000    -0.00000000   0.00000000
 -0.05241203   0.00000000    -0.00000000   0.00000000    -0.07587448   0.00000000
   11    2
 -0.02401114   0.00000000     0.01791922   0.00000000     0.03574726   0.00000000
  0.01791922   0.00000000    -0.04470247   0.00000000    -0.06191607   0.00000000
  0.02620602   0.00000000    -0.04539015   0.00000000    -0.07587448   0.00000000
   11    3
 -0.02401114   0.00000000    -0.01791922   0.00000000     0.03574726   0.00000000
 -0.01791922   0.00000000    -0.04470247   0.00000000     0.06191607   0.00000000
  0.02620602   0.00000000     0.04539015   0.00000000    -0.07587448   0.00000000
   11    4
  0.00149444   0.00000000     0.00000000   0.00000000     0.00184234   0.00000000
  0.00000000   0.00000000     0.00258875   0.00000000     0.00000000   0.00000000
  0.00033769   0.00000000     0.00000000   0.00000000    -0.00032791   0.00000000
   11    5
  0.00231517   0.00000000     0.00047385   0.00000000    -0.00092117   0.00000000
  0.00047385   0.00000000     0.00176802   0.00000000     0.00159551   0.00000000
 -0.00016884   0.00000000     0.00029245   0.00000000    -0.00032791   0.00000000
   11    6
  0.00231517   0.00000000    -0.00047385   0.00000000    -0.00092117   0.00000000
 -0.00047385   0.00000000     0.00176802   0.00000000    -0.00159551   0.00000000
 -0.00016884   0.00000000    -0.00029245   0.00000000    -0.00032791   0.00000000
   11    7
 -0.00266200   0.00000000     0.00000000   0.00000000     0.00000000   0.00000000
  0.00000000   0.00000000    -0.00266200   0.00000000     0.00000000   0.00000000
  0.00000000   0.00000000     0.00000000   0.00000000     0.00144397   0.00000000
   11    8
  0.00243879   0.00000000     0.00000000   0.00000000    -0.00300621   0.00000000
  0.00000000   0.00000000    -0.02221180   0.00000000     0.00000000   0.00000000
 -0.00138063   0.00000000     0.00000000   0.00000000     0.00465918   0.00000000
   11    9
 -0.01604915   0.00000000    -0.01067402   0.00000000     0.00150310   0.00000000
 -0.01067402   0.00000000    -0.00372386   0.00000000    -0.00260345   0.00000000
  0.00069032   0.00000000    -0.00119566   0.00000000     0.00465918   0.00000000
   11   10
 -0.01604915   0.00000000     0.01067402   0.00000000     0.00150310   0.00000000
  0.01067402   0.00000000    -0.00372386   0.00000000     0.00260345   0.00000000
  0.00069032   0.00000000     0.00119566   0.00000000     0.00465918   0.00000000
   11   11
  0.13095502   0.00000000     0.00000000   0.00000000     0.00000000   0.00000000
  0.00000000   0.00000000     0.13095502   0.00000000     0.00000000   0.00000000
  0.00000000   0.00000000     0.00000000   0.00000000     0.21341183   0.00000000

     Diagonalizing the dynamical matrix

     q = (    0.000000000   0.000000000   0.000000000 ) 

 **************************************************************************
     freq (    1) =      -0.173804 [THz] =      -5.797480 [cm-1]
 ( -0.305278  0.000000  0.003891  0.000000  0.004532  0.000000 ) 
 ( -0.302593  0.000000  0.005487  0.000000 -0.002317  0.000000 ) 
 ( -0.302553  0.000000  0.002364  0.000000 -0.002215  0.000000 ) 
 ( -0.318877  0.000000  0.004018  0.000000 -0.020206  0.000000 ) 
 ( -0.313390  0.000000  0.007281  0.000000  0.010329  0.000000 ) 
 ( -0.313308  0.000000  0.000897  0.000000  0.009877  0.000000 ) 
 ( -0.307725  0.000000  0.003969  0.000000 -0.000000  0.000000 ) 
 ( -0.269253  0.000000  0.003860  0.000000  0.012611  0.000000 ) 
 ( -0.291602  0.000000 -0.009431  0.000000 -0.006446  0.000000 ) 
 ( -0.291938  0.000000  0.016569  0.000000 -0.006165  0.000000 ) 
 ( -0.294592  0.000000  0.003799  0.000000 -0.000000  0.000000 ) 
     freq (    2) =      -0.173804 [THz] =      -5.797480 [cm-1]
 ( -0.003937  0.000000 -0.301671  0.000000  0.000058  0.000000 ) 
 ( -0.002341  0.000000 -0.304356  0.000000  0.003896  0.000000 ) 
 ( -0.005464  0.000000 -0.304396  0.000000 -0.003954  0.000000 ) 
 ( -0.004113  0.000000 -0.311506  0.000000 -0.000261  0.000000 ) 
 ( -0.000849  0.000000 -0.316993  0.000000 -0.017369  0.000000 ) 
 ( -0.007233  0.000000 -0.317076  0.000000  0.017629  0.000000 ) 
 ( -0.003969  0.000000 -0.307725  0.000000 -0.000000  0.000000 ) 
 ( -0.003473  0.000000 -0.299276  0.000000  0.000163  0.000000 ) 
 ( -0.016763  0.000000 -0.276927  0.000000  0.010840  0.000000 ) 
 (  0.009237  0.000000 -0.276591  0.000000 -0.011003  0.000000 ) 
 ( -0.003799  0.000000 -0.294592  0.000000 -0.000000  0.000000 ) 
     freq (    3) =       0.074836 [THz] =       2.496273 [cm-1]
 ( -0.000452  0.000000 -0.000000  0.000000  0.301972  0.000000 ) 
 (  0.000226  0.000000 -0.000391  0.000000  0.301972  0.000000 ) 
 (  0.000226  0.000000  0.000391  0.000000  0.301972  0.000000 ) 
 (  0.000196  0.000000 -0.000000  0.000000  0.302090  0.000000 ) 
 ( -0.000098  0.000000  0.000170  0.000000  0.302090  0.000000 ) 
 ( -0.000098  0.000000 -0.000170  0.000000  0.302090  0.000000 ) 
 ( -0.000000  0.000000 -0.000000  0.000000  0.298601  0.000000 ) 
 (  0.004024  0.000000 -0.000000  0.000000  0.301400  0.000000 ) 
 ( -0.002012  0.000000  0.003485  0.000000  0.301400  0.000000 ) 
 ( -0.002012  0.000000 -0.003485  0.000000  0.301400  0.000000 ) 
 ( -0.000000  0.000000 -0.000000  0.000000  0.301541  0.000000 ) 
     freq (    4) =       1.439084 [THz] =      48.002679 [cm-1]
 ( -0.000000  0.000000  0.055132  0.000000 -0.000001  0.000000 ) 
 (  0.022825  0.000000  0.015597  0.000000  0.063775  0.000000 ) 
 ( -0.022826  0.000000  0.015598  0.000000 -0.063774  0.000000 ) 
 (  0.000005  0.000000 -0.093345  0.000000  0.000005  0.000000 ) 
 (  0.145180  0.000000 -0.344802  0.000000 -0.359660  0.000000 ) 
 ( -0.145176  0.000000 -0.344799  0.000000  0.359655  0.000000 ) 
 (  0.000000  0.000000 -0.018387  0.000000 -0.000000  0.000000 ) 
 ( -0.000005  0.000000  0.079413  0.000000 -0.000003  0.000000 ) 
 ( -0.158705  0.000000  0.354297  0.000000  0.240345  0.000000 ) 
 (  0.158701  0.000000  0.354293  0.000000 -0.240342  0.000000 ) 
 ( -0.000001  0.000000  0.127871  0.000000 -0.000000  0.000000 ) 
     freq (    5) =       1.439084 [THz] =      48.002679 [cm-1]
 ( -0.002419  0.000000 -0.000001  0.000000 -0.073640  0.000000 ) 
 ( -0.041954  0.000000 -0.022826  0.000000  0.036819  0.000000 ) 
 ( -0.041954  0.000000  0.022825  0.000000  0.036821  0.000000 ) 
 (  0.428619  0.000000  0.000001  0.000000  0.415297  0.000000 ) 
 (  0.177162  0.000000 -0.145174  0.000000 -0.207644  0.000000 ) 
 (  0.177165  0.000000  0.145182  0.000000 -0.207653  0.000000 ) 
 (  0.018387  0.000000  0.000000  0.000000 -0.000000  0.000000 ) 
 ( -0.445923  0.000000 -0.000001  0.000000 -0.277524  0.000000 ) 
 ( -0.171038  0.000000  0.158699  0.000000  0.138759  0.000000 ) 
 ( -0.171042  0.000000 -0.158707  0.000000  0.138765  0.000000 ) 
 ( -0.127871  0.000000 -0.000001  0.000000  0.000000  0.000000 ) 
     freq (    6) =       1.849411 [THz] =      61.689701 [cm-1]
 ( -0.000005  0.000000  0.162534  0.000000 -0.000005  0.000000 ) 
 (  0.008646  0.000000  0.147548  0.000000  0.112740  0.000000 ) 
 ( -0.008657  0.000000  0.147549  0.000000 -0.112736  0.000000 ) 
 (  0.000007  0.000000 -0.047818  0.000000  0.000013  0.000000 ) 
 (  0.068258  0.000000 -0.166040  0.000000 -0.312574  0.000000 ) 
 ( -0.068252  0.000000 -0.166036  0.000000  0.312562  0.000000 ) 
 ( -0.000007  0.000000  0.195457  0.000000 -0.000000  0.000000 ) 
 (  0.000012  0.000000  0.016013  0.000000  0.000016  0.000000 ) 
 (  0.159290  0.000000 -0.259886  0.000000 -0.393860  0.000000 ) 
 ( -0.159285  0.000000 -0.259875  0.000000  0.393844  0.000000 ) 
 ( -0.000011  0.000000  0.328351  0.000000 -0.000000  0.000000 ) 
     freq (    7) =       1.849411 [THz] =      61.689701 [cm-1]
 ( -0.142553  0.000000 -0.000006  0.000000 -0.130178  0.000000 ) 
 ( -0.157539  0.000000 -0.008657  0.000000  0.065085  0.000000 ) 
 ( -0.157539  0.000000  0.008647  0.000000  0.065093  0.000000 ) 
 (  0.205445  0.000000  0.000002  0.000000  0.360922  0.000000 ) 
 (  0.087222  0.000000 -0.068249  0.000000 -0.180450  0.000000 ) 
 (  0.087227  0.000000  0.068260  0.000000 -0.180472  0.000000 ) 
 ( -0.195457  0.000000 -0.000007  0.000000  0.000000  0.000000 ) 
 (  0.351845  0.000000 -0.000001  0.000000  0.454781  0.000000 ) 
 (  0.075946  0.000000 -0.159278  0.000000 -0.227377  0.000000 ) 
 (  0.075957  0.000000  0.159296  0.000000 -0.227404  0.000000 ) 
 ( -0.328351  0.000000 -0.000011  0.000000  0.000000  0.000000 ) 
     freq (    8) =       2.190807 [THz] =      73.077464 [cm-1]
 (  0.000000  0.000000  0.261766  0.000000  0.000000  0.000000 ) 
 ( -0.226696  0.000000 -0.130883  0.000000  0.000000  0.000000 ) 
 (  0.226696  0.000000 -0.130883  0.000000 -0.000000  0.000000 ) 
 ( -0.000000  0.000000 -0.470221  0.000000 -0.000000  0.000000 ) 
 (  0.407223  0.000000  0.235111  0.000000 -0.000000  0.000000 ) 
 ( -0.407223  0.000000  0.235111  0.000000  0.000000  0.000000 ) 
 ( -0.000000  0.000000 -0.000000  0.000000 -0.000000  0.000000 ) 
 ( -0.000000  0.000000 -0.209055  0.000000 -0.000000  0.000000 ) 
 (  0.181047  0.000000  0.104528  0.000000 -0.000000  0.000000 ) 
 ( -0.181047  0.000000  0.104528  0.000000  0.000000  0.000000 ) 
 (  0.000000  0.000000  0.000000  0.000000 -0.000000  0.000000 ) 
     freq (    9) =       2.587983 [THz] =      86.325835 [cm-1]
 (  0.000000  0.000000 -0.047239  0.000000 -0.000005  0.000000 ) 
 ( -0.016354  0.000000 -0.018911  0.000000  0.204147  0.000000 ) 
 (  0.016356  0.000000 -0.018912  0.000000 -0.204142  0.000000 ) 
 ( -0.000005  0.000000 -0.471059  0.000000 -0.000003  0.000000 ) 
 ( -0.299440  0.000000  0.047604  0.000000  0.105304  0.000000 ) 
 (  0.299453  0.000000  0.047591  0.000000 -0.105302  0.000000 ) 
 (  0.000009  0.000000 -0.423692  0.000000 -0.000000  0.000000 ) 
 ( -0.000004  0.000000  0.119304  0.000000  0.000003  0.000000 ) 
 ( -0.029761  0.000000  0.170848  0.000000 -0.142055  0.000000 ) 
 (  0.029756  0.000000  0.170846  0.000000  0.142052  0.000000 ) 
 ( -0.000009  0.000000  0.437003  0.000000 -0.000000  0.000000 ) 
     freq (   10) =       2.587983 [THz] =      86.325835 [cm-1]
 ( -0.009469  0.000000 -0.000001  0.000000  0.235725  0.000000 ) 
 ( -0.037797  0.000000 -0.016355  0.000000 -0.117858  0.000000 ) 
 ( -0.037796  0.000000  0.016355  0.000000 -0.117867  0.000000 ) 
 (  0.220483  0.000000 -0.000010  0.000000  0.121593  0.000000 ) 
 ( -0.298180  0.000000 -0.299446  0.000000 -0.060794  0.000000 ) 
 ( -0.298167  0.000000  0.299448  0.000000 -0.060799  0.000000 ) 
 ( -0.423692  0.000000 -0.000009  0.000000  0.000000  0.000000 ) 
 (  0.188028  0.000000  0.000003  0.000000 -0.164029  0.000000 ) 
 (  0.136484  0.000000 -0.029755  0.000000  0.082011  0.000000 ) 
 (  0.136485  0.000000  0.029762  0.000000  0.082017  0.000000 ) 
 (  0.437003  0.000000  0.000009  0.000000  0.000000  0.000000 ) 
     freq (   11) =       2.594145 [THz] =      86.531364 [cm-1]
 ( -0.040825  0.000000  0.000000  0.000000 -0.076550  0.000000 ) 
 (  0.020413  0.000000 -0.035356  0.000000 -0.076550  0.000000 ) 
 (  0.020413  0.000000  0.035356  0.000000 -0.076550  0.000000 ) 
 (  0.264283  0.000000  0.000000  0.000000  0.201870  0.000000 ) 
 ( -0.132142  0.000000  0.228876  0.000000  0.201870  0.000000 ) 
 ( -0.132142  0.000000 -0.228876  0.000000  0.201870  0.000000 ) 
 ( -0.000000  0.000000  0.000000  0.000000 -0.637801  0.000000 ) 
 (  0.238069  0.000000 -0.000000  0.000000  0.116760  0.000000 ) 
 ( -0.119034  0.000000  0.206174  0.000000  0.116760  0.000000 ) 
 ( -0.119034  0.000000 -0.206174  0.000000  0.116760  0.000000 ) 
 (  0.000000  0.000000 -0.000000  0.000000 -0.167062  0.000000 ) 
     freq (   12) =       2.770904 [THz] =      92.427398 [cm-1]
 ( -0.015277  0.000000  0.000000  0.000000 -0.097766  0.000000 ) 
 (  0.007638  0.000000 -0.013230  0.000000 -0.097766  0.000000 ) 
 (  0.007638  0.000000  0.013230  0.000000 -0.097766  0.000000 ) 
 ( -0.139856  0.000000  0.000000  0.000000 -0.273322  0.000000 ) 
 (  0.069928  0.000000 -0.121119  0.000000 -0.273322  0.000000 ) 
 (  0.069928  0.000000  0.121119  0.000000 -0.273322  0.000000 ) 
 ( -0.000000  0.000000  0.000000  0.000000  0.153066  0.000000 ) 
 (  0.268014  0.000000 -0.000000  0.000000  0.365227  0.000000 ) 
 ( -0.134007  0.000000  0.232107  0.000000  0.365227  0.000000 ) 
 ( -0.134007  0.000000 -0.232107  0.000000  0.365227  0.000000 ) 
 (  0.000000  0.000000 -0.000000  0.000000 -0.220763  0.000000 ) 
     freq (   13) =       2.833571 [THz] =      94.517752 [cm-1]
 (  0.000004  0.000000  0.083297  0.000000 -0.000001  0.000000 ) 
 (  0.132213  0.000000 -0.145706  0.000000  0.033678  0.000000 ) 
 ( -0.132213  0.000000 -0.145701  0.000000 -0.033677  0.000000 ) 
 ( -0.000001  0.000000 -0.056243  0.000000  0.000001  0.000000 ) 
 ( -0.056790  0.000000  0.042121  0.000000 -0.050612  0.000000 ) 
 (  0.056791  0.000000  0.042119  0.000000  0.050611  0.000000 ) 
 ( -0.000004  0.000000  0.187366  0.000000  0.000000  0.000000 ) 
 ( -0.000008  0.000000 -0.143259  0.000000  0.000009  0.000000 ) 
 ( -0.243074  0.000000  0.277762  0.000000 -0.427407  0.000000 ) 
 (  0.243075  0.000000  0.277753  0.000000  0.427397  0.000000 ) 
 (  0.000008  0.000000 -0.449050  0.000000  0.000000  0.000000 ) 
     freq (   14) =       2.833571 [THz] =      94.517752 [cm-1]
 (  0.222036  0.000000 -0.000002  0.000000 -0.038887  0.000000 ) 
 ( -0.006966  0.000000 -0.132210  0.000000  0.019443  0.000000 ) 
 ( -0.006961  0.000000  0.132216  0.000000  0.019444  0.000000 ) 
 ( -0.074908  0.000000  0.000001  0.000000  0.058441  0.000000 ) 
 (  0.023457  0.000000  0.056789  0.000000 -0.029220  0.000000 ) 
 (  0.023455  0.000000 -0.056791  0.000000 -0.029222  0.000000 ) 
 ( -0.187366  0.000000 -0.000004  0.000000  0.000000  0.000000 ) 
 ( -0.418097  0.000000  0.000003  0.000000  0.493521  0.000000 ) 
 (  0.002925  0.000000  0.243069  0.000000 -0.246753  0.000000 ) 
 (  0.002916  0.000000 -0.243080  0.000000 -0.246769  0.000000 ) 
 (  0.449050  0.000000  0.000008  0.000000  0.000000  0.000000 ) 
     freq (   15) =       2.981947 [THz] =      99.467029 [cm-1]
 (  0.000000  0.000000 -0.033365  0.000000 -0.000000  0.000000 ) 
 (  0.028895  0.000000  0.016683  0.000000  0.000000  0.000000 ) 
 ( -0.028895  0.000000  0.016683  0.000000 -0.000000  0.000000 ) 
 (  0.000000  0.000000  0.222747  0.000000  0.000000  0.000000 ) 
 ( -0.192905  0.000000 -0.111374  0.000000  0.000000  0.000000 ) 
 (  0.192905  0.000000 -0.111374  0.000000 -0.000000  0.000000 ) 
 ( -0.000000  0.000000 -0.000000  0.000000  0.000000  0.000000 ) 
 (  0.000000  0.000000 -0.531605  0.000000 -0.000000  0.000000 ) 
 (  0.460383  0.000000  0.265802  0.000000  0.000000  0.000000 ) 
 ( -0.460383  0.000000  0.265802  0.000000 -0.000000  0.000000 ) 
 ( -0.000000  0.000000  0.000000  0.000000 -0.000000  0.000000 ) 
     freq (   16) =       3.040475 [THz] =     101.419340 [cm-1]
 (  0.025138  0.000000  0.000000  0.000000  0.167227  0.000000 ) 
 ( -0.012569  0.000000  0.021770  0.000000  0.167227  0.000000 ) 
 ( -0.012569  0.000000 -0.021770  0.000000  0.167227  0.000000 ) 
 ( -0.362158  0.000000 -0.000000  0.000000 -0.046408  0.000000 ) 
 (  0.181079  0.000000 -0.313638  0.000000 -0.046408  0.000000 ) 
 (  0.181079  0.000000  0.313638  0.000000 -0.046408  0.000000 ) 
 (  0.000000  0.000000  0.000000  0.000000 -0.606634  0.000000 ) 
 (  0.031768  0.000000 -0.000000  0.000000 -0.002183  0.000000 ) 
 ( -0.015884  0.000000  0.027512  0.000000 -0.002183  0.000000 ) 
 ( -0.015884  0.000000 -0.027512  0.000000 -0.002183  0.000000 ) 
 ( -0.000000  0.000000 -0.000000  0.000000  0.378453  0.000000 ) 
     freq (   17) =       3.277927 [THz] =     109.339879 [cm-1]
 (  0.000000  0.000000 -0.157967  0.000000 -0.000001  0.000000 ) 
 ( -0.060394  0.000000 -0.053360  0.000000  0.145203  0.000000 ) 
 (  0.060395  0.000000 -0.053361  0.000000 -0.145202  0.000000 ) 
 ( -0.000000  0.000000 -0.244146  0.000000 -0.000001  0.000000 ) 
 ( -0.115002  0.000000 -0.044955  0.000000  0.144486  0.000000 ) 
 (  0.115003  0.000000 -0.044956  0.000000 -0.144485  0.000000 ) 
 ( -0.000003  0.000000  0.699367  0.000000  0.000000  0.000000 ) 
 ( -0.000000  0.000000 -0.346977  0.000000 -0.000001  0.000000 ) 
 ( -0.171316  0.000000 -0.050247  0.000000  0.136534  0.000000 ) 
 (  0.171318  0.000000 -0.050248  0.000000 -0.136533  0.000000 ) 
 ( -0.000001  0.000000  0.278385  0.000000  0.000000  0.000000 ) 
     freq (   18) =       3.277927 [THz] =     109.339879 [cm-1]
 ( -0.018491  0.000000 -0.000001  0.000000  0.167666  0.000000 ) 
 ( -0.123098  0.000000 -0.060395  0.000000 -0.083832  0.000000 ) 
 ( -0.123098  0.000000  0.060394  0.000000 -0.083834  0.000000 ) 
 (  0.021441  0.000000 -0.000001  0.000000  0.166837  0.000000 ) 
 ( -0.177749  0.000000 -0.115003  0.000000 -0.083418  0.000000 ) 
 ( -0.177748  0.000000  0.115002  0.000000 -0.083419  0.000000 ) 
 (  0.699367  0.000000  0.000003  0.000000 -0.000000  0.000000 ) 
 (  0.048662  0.000000 -0.000002  0.000000  0.157656  0.000000 ) 
 ( -0.248068  0.000000 -0.171317  0.000000 -0.078827  0.000000 ) 
 ( -0.248066  0.000000  0.171316  0.000000 -0.078828  0.000000 ) 
 (  0.278385  0.000000  0.000001  0.000000 -0.000000  0.000000 ) 
     freq (   19) =       3.332386 [THz] =     111.156436 [cm-1]
 (  0.000002  0.000000  0.260261  0.000000 -0.000002  0.000000 ) 
 (  0.167717  0.000000 -0.030242  0.000000  0.127326  0.000000 ) 
 ( -0.167723  0.000000 -0.030236  0.000000 -0.127324  0.000000 ) 
 ( -0.000007  0.000000  0.018168  0.000000  0.000007  0.000000 ) 
 ( -0.181071  0.000000  0.331791  0.000000 -0.368829  0.000000 ) 
 (  0.181067  0.000000  0.331785  0.000000  0.368822  0.000000 ) 
 (  0.000002  0.000000 -0.152623  0.000000 -0.000000  0.000000 ) 
 (  0.000001  0.000000 -0.353474  0.000000 -0.000003  0.000000 ) 
 ( -0.118613  0.000000 -0.148020  0.000000  0.177580  0.000000 ) 
 (  0.118622  0.000000 -0.148024  0.000000 -0.177577  0.000000 ) 
 (  0.000000  0.000000 -0.018749  0.000000 -0.000000  0.000000 ) 
     freq (   20) =       3.332386 [THz] =     111.156436 [cm-1]
 ( -0.127072  0.000000  0.000004  0.000000  0.147022  0.000000 ) 
 (  0.163430  0.000000  0.167720  0.000000 -0.073509  0.000000 ) 
 (  0.163425  0.000000 -0.167721  0.000000 -0.073513  0.000000 ) 
 (  0.436328  0.000000  0.000000  0.000000 -0.425883  0.000000 ) 
 (  0.122705  0.000000 -0.181064  0.000000  0.212936  0.000000 ) 
 (  0.122711  0.000000  0.181074  0.000000  0.212948  0.000000 ) 
 ( -0.152623  0.000000 -0.000002  0.000000  0.000000  0.000000 ) 
 ( -0.079538  0.000000 -0.000006  0.000000  0.205050  0.000000 ) 
 ( -0.284992  0.000000 -0.118620  0.000000 -0.102522  0.000000 ) 
 ( -0.284988  0.000000  0.118615  0.000000 -0.102528  0.000000 ) 
 ( -0.018749  0.000000 -0.000000  0.000000 -0.000000  0.000000 ) 
     freq (   21) =       3.737718 [THz] =     124.676854 [cm-1]
 (  0.143681  0.000000 -0.000000  0.000000  0.012707  0.000000 ) 
 ( -0.071840  0.000000  0.124431  0.000000  0.012707  0.000000 ) 
 ( -0.071840  0.000000 -0.124431  0.000000  0.012707  0.000000 ) 
 (  0.074574  0.000000  0.000000  0.000000 -0.028562  0.000000 ) 
 ( -0.037287  0.000000  0.064583  0.000000 -0.028562  0.000000 ) 
 ( -0.037287  0.000000 -0.064583  0.000000 -0.028562  0.000000 ) 
 (  0.000000  0.000000 -0.000000  0.000000  0.249826  0.000000 ) 
 (  0.404025  0.000000 -0.000000  0.000000 -0.223596  0.000000 ) 
 ( -0.202012  0.000000  0.349896  0.000000 -0.223596  0.000000 ) 
 ( -0.202012  0.000000 -0.349896  0.000000 -0.223596  0.000000 ) 
 ( -0.000000  0.000000  0.000000  0.000000  0.465129  0.000000 ) 
     freq (   22) =       4.028932 [THz] =     134.390704 [cm-1]
 (  0.000001  0.000000  0.064628  0.000000 -0.000000  0.000000 ) 
 (  0.072909  0.000000 -0.061655  0.000000  0.030984  0.000000 ) 
 ( -0.072910  0.000000 -0.061654  0.000000 -0.030984  0.000000 ) 
 ( -0.000002  0.000000 -0.389651  0.000000  0.000001  0.000000 ) 
 ( -0.236558  0.000000  0.020086  0.000000 -0.130372  0.000000 ) 
 (  0.236563  0.000000  0.020081  0.000000  0.130371  0.000000 ) 
 ( -0.000003  0.000000  0.321585  0.000000  0.000000  0.000000 ) 
 (  0.000002  0.000000  0.478166  0.000000 -0.000002  0.000000 ) 
 (  0.284752  0.000000 -0.015046  0.000000  0.132902  0.000000 ) 
 ( -0.284758  0.000000 -0.015041  0.000000 -0.132900  0.000000 ) 
 (  0.000004  0.000000 -0.383551  0.000000  0.000000  0.000000 ) 
     freq (   23) =       4.028932 [THz] =     134.390704 [cm-1]
 ( -0.103749  0.000000  0.000001  0.000000  0.035777  0.000000 ) 
 (  0.022535  0.000000  0.072909  0.000000 -0.017888  0.000000 ) 
 (  0.022533  0.000000 -0.072910  0.000000 -0.017889  0.000000 ) 
 (  0.156661  0.000000 -0.000004  0.000000 -0.150540  0.000000 ) 
 ( -0.253075  0.000000 -0.236560  0.000000  0.075269  0.000000 ) 
 ( -0.253070  0.000000  0.236560  0.000000  0.075271  0.000000 ) 
 (  0.321585  0.000000  0.000003  0.000000  0.000000  0.000000 ) 
 ( -0.179447  0.000000  0.000005  0.000000  0.153461  0.000000 ) 
 (  0.313766  0.000000  0.284755  0.000000 -0.076729  0.000000 ) 
 (  0.313760  0.000000 -0.284755  0.000000 -0.076732  0.000000 ) 
 ( -0.383551  0.000000 -0.000004  0.000000 -0.000000  0.000000 ) 
     freq (   24) =       4.121500 [THz] =     137.478438 [cm-1]
 (  0.202048  0.000000  0.000000  0.000000 -0.053822  0.000000 ) 
 ( -0.101024  0.000000  0.174979  0.000000 -0.053822  0.000000 ) 
 ( -0.101024  0.000000 -0.174979  0.000000 -0.053822  0.000000 ) 
 (  0.269295  0.000000  0.000000  0.000000 -0.246414  0.000000 ) 
 ( -0.134648  0.000000  0.233216  0.000000 -0.246414  0.000000 ) 
 ( -0.134648  0.000000 -0.233216  0.000000 -0.246414  0.000000 ) 
 (  0.000000  0.000000  0.000000  0.000000 -0.156503  0.000000 ) 
 ( -0.183944  0.000000  0.000000  0.000000  0.172679  0.000000 ) 
 (  0.091972  0.000000 -0.159300  0.000000  0.172679  0.000000 ) 
 (  0.091972  0.000000  0.159300  0.000000  0.172679  0.000000 ) 
 ( -0.000000  0.000000 -0.000000  0.000000  0.503654  0.000000 ) 
     freq (   25) =       5.009449 [THz] =     167.097217 [cm-1]
 ( -0.000002  0.000000  0.216038  0.000000  0.000001  0.000000 ) 
 ( -0.193871  0.000000  0.551831  0.000000 -0.169321  0.000000 ) 
 (  0.193869  0.000000  0.551830  0.000000  0.169320  0.000000 ) 
 (  0.000000  0.000000 -0.251312  0.000000 -0.000000  0.000000 ) 
 ( -0.095936  0.000000 -0.085145  0.000000  0.034293  0.000000 ) 
 (  0.095937  0.000000 -0.085145  0.000000 -0.034293  0.000000 ) 
 (  0.000000  0.000000 -0.068344  0.000000  0.000000  0.000000 ) 
 ( -0.000000  0.000000 -0.182315  0.000000 -0.000000  0.000000 ) 
 ( -0.088919  0.000000 -0.028302  0.000000  0.014688  0.000000 ) 
 (  0.088920  0.000000 -0.028303  0.000000 -0.014688  0.000000 ) 
 (  0.000001  0.000000 -0.240021  0.000000 -0.000000  0.000000 ) 
     freq (   26) =       5.009449 [THz] =     167.097217 [cm-1]
 (  0.663761  0.000000  0.000001  0.000000 -0.195515  0.000000 ) 
 (  0.327968  0.000000 -0.193869  0.000000  0.097757  0.000000 ) 
 (  0.327969  0.000000  0.193871  0.000000  0.097758  0.000000 ) 
 ( -0.029756  0.000000 -0.000001  0.000000  0.039598  0.000000 ) 
 ( -0.195923  0.000000 -0.095937  0.000000 -0.019799  0.000000 ) 
 ( -0.195923  0.000000  0.095937  0.000000 -0.019799  0.000000 ) 
 ( -0.068344  0.000000 -0.000000  0.000000  0.000000  0.000000 ) 
 (  0.023035  0.000000 -0.000000  0.000000  0.016961  0.000000 ) 
 ( -0.130978  0.000000 -0.088920  0.000000 -0.008480  0.000000 ) 
 ( -0.130977  0.000000  0.088919  0.000000 -0.008480  0.000000 ) 
 ( -0.240021  0.000000 -0.000001  0.000000  0.000000  0.000000 ) 
     freq (   27) =       5.663133 [THz] =     188.901790 [cm-1]
 (  0.000000  0.000000 -0.540448  0.000000 -0.000000  0.000000 ) 
 (  0.468041  0.000000  0.270224  0.000000  0.000000  0.000000 ) 
 ( -0.468041  0.000000  0.270224  0.000000 -0.000000  0.000000 ) 
 (  0.000000  0.000000 -0.194977  0.000000  0.000000  0.000000 ) 
 (  0.168855  0.000000  0.097489  0.000000 -0.000000  0.000000 ) 
 ( -0.168855  0.000000  0.097489  0.000000  0.000000  0.000000 ) 
 (  0.000000  0.000000  0.000000  0.000000 -0.000000  0.000000 ) 
 (  0.000000  0.000000 -0.056864  0.000000  0.000000  0.000000 ) 
 (  0.049246  0.000000  0.028432  0.000000 -0.000000  0.000000 ) 
 ( -0.049246  0.000000  0.028432  0.000000  0.000000  0.000000 ) 
 ( -0.000000  0.000000 -0.000000  0.000000  0.000000  0.000000 ) 
     freq (   28) =       6.166603 [THz] =     205.695739 [cm-1]
 (  0.000002  0.000000 -0.675285  0.000000  0.000001  0.000000 ) 
 ( -0.427373  0.000000  0.064941  0.000000  0.103214  0.000000 ) 
 (  0.427369  0.000000  0.064945  0.000000 -0.103215  0.000000 ) 
 (  0.000001  0.000000  0.086628  0.000000 -0.000001  0.000000 ) 
 ( -0.031948  0.000000  0.141964  0.000000 -0.202129  0.000000 ) 
 (  0.031949  0.000000  0.141964  0.000000  0.202131  0.000000 ) 
 (  0.000000  0.000000  0.007370  0.000000  0.000000  0.000000 ) 
 (  0.000000  0.000000  0.034998  0.000000 -0.000000  0.000000 ) 
 ( -0.004039  0.000000  0.041994  0.000000 -0.044935  0.000000 ) 
 (  0.004039  0.000000  0.041994  0.000000  0.044935  0.000000 ) 
 ( -0.000000  0.000000 -0.092268  0.000000  0.000000  0.000000 ) 
     freq (   29) =       6.166603 [THz] =     205.695739 [cm-1]
 (  0.311686  0.000000  0.000004  0.000000  0.119182  0.000000 ) 
 ( -0.428540  0.000000 -0.427371  0.000000 -0.059591  0.000000 ) 
 ( -0.428545  0.000000  0.427370  0.000000 -0.059590  0.000000 ) 
 (  0.160410  0.000000 -0.000000  0.000000 -0.233400  0.000000 ) 
 (  0.105073  0.000000 -0.031949  0.000000  0.116701  0.000000 ) 
 (  0.105073  0.000000  0.031948  0.000000  0.116699  0.000000 ) 
 (  0.007370  0.000000 -0.000000  0.000000  0.000000  0.000000 ) 
 (  0.044326  0.000000 -0.000000  0.000000 -0.051886  0.000000 ) 
 (  0.037330  0.000000 -0.004039  0.000000  0.025943  0.000000 ) 
 (  0.037330  0.000000  0.004039  0.000000  0.025943  0.000000 ) 
 ( -0.092268  0.000000  0.000000  0.000000  0.000000  0.000000 ) 
     freq (   30) =       6.557141 [THz] =     218.722682 [cm-1]
 (  0.500217  0.000000  0.000000  0.000000 -0.196287  0.000000 ) 
 ( -0.250108  0.000000  0.433200  0.000000 -0.196287  0.000000 ) 
 ( -0.250108  0.000000 -0.433200  0.000000 -0.196287  0.000000 ) 
 ( -0.115881  0.000000 -0.000000  0.000000  0.152031  0.000000 ) 
 (  0.057940  0.000000 -0.100356  0.000000  0.152031  0.000000 ) 
 (  0.057940  0.000000  0.100356  0.000000  0.152031  0.000000 ) 
 (  0.000000  0.000000  0.000000  0.000000  0.009928  0.000000 ) 
 ( -0.023881  0.000000  0.000000  0.000000  0.034846  0.000000 ) 
 (  0.011941  0.000000 -0.020682  0.000000  0.034846  0.000000 ) 
 (  0.011941  0.000000  0.020682  0.000000  0.034846  0.000000 ) 
 ( -0.000000  0.000000  0.000000  0.000000 -0.136695  0.000000 ) 
     freq (   31) =       7.166195 [THz] =     239.038521 [cm-1]
 ( -0.000000  0.000000  0.131283  0.000000 -0.000002  0.000000 ) 
 ( -0.004435  0.000000  0.138964  0.000000  0.638781  0.000000 ) 
 (  0.004434  0.000000  0.138964  0.000000 -0.638779  0.000000 ) 
 (  0.000000  0.000000  0.112370  0.000000 -0.000000  0.000000 ) 
 (  0.095430  0.000000 -0.052921  0.000000  0.126025  0.000000 ) 
 ( -0.095431  0.000000 -0.052920  0.000000 -0.126024  0.000000 ) 
 (  0.000000  0.000000 -0.056639  0.000000  0.000000  0.000000 ) 
 (  0.000000  0.000000  0.016915  0.000000 -0.000000  0.000000 ) 
 (  0.024173  0.000000 -0.024953  0.000000  0.042847  0.000000 ) 
 ( -0.024173  0.000000 -0.024953  0.000000 -0.042847  0.000000 ) 
 (  0.000001  0.000000 -0.224137  0.000000  0.000000  0.000000 ) 
     freq (   32) =       7.166195 [THz] =     239.038521 [cm-1]
 (  0.141524  0.000000  0.000000  0.000000  0.737599  0.000000 ) 
 (  0.133843  0.000000 -0.004434  0.000000 -0.368798  0.000000 ) 
 (  0.133843  0.000000  0.004435  0.000000 -0.368802  0.000000 ) 
 ( -0.108017  0.000000  0.000000  0.000000  0.145521  0.000000 ) 
 (  0.057274  0.000000  0.095430  0.000000 -0.072760  0.000000 ) 
 (  0.057273  0.000000 -0.095431  0.000000 -0.072761  0.000000 ) 
 ( -0.056639  0.000000 -0.000000  0.000000 -0.000000  0.000000 ) 
 ( -0.038910  0.000000  0.000000  0.000000  0.049475  0.000000 ) 
 (  0.002959  0.000000  0.024173  0.000000 -0.024738  0.000000 ) 
 (  0.002959  0.000000 -0.024173  0.000000 -0.024738  0.000000 ) 
 ( -0.224137  0.000000 -0.000001  0.000000 -0.000000  0.000000 ) 
     freq (   33) =       7.442288 [THz] =     248.248016 [cm-1]
 ( -0.224732  0.000000  0.000000  0.000000 -0.453820  0.000000 ) 
 (  0.112366  0.000000 -0.194623  0.000000 -0.453820  0.000000 ) 
 (  0.112366  0.000000  0.194623  0.000000 -0.453820  0.000000 ) 
 ( -0.092600  0.000000 -0.000000  0.000000  0.133643  0.000000 ) 
 (  0.046300  0.000000 -0.080194  0.000000  0.133643  0.000000 ) 
 (  0.046300  0.000000  0.080194  0.000000  0.133643  0.000000 ) 
 ( -0.000000  0.000000  0.000000  0.000000  0.064597  0.000000 ) 
 ( -0.028708  0.000000 -0.000000  0.000000  0.054977  0.000000 ) 
 (  0.014354  0.000000 -0.024862  0.000000  0.054977  0.000000 ) 
 (  0.014354  0.000000  0.024862  0.000000  0.054977  0.000000 ) 
 ( -0.000000  0.000000  0.000000  0.000000  0.368256  0.000000 ) 
 **************************************************************************
