# File generated by VASP contains (un)screened Coulomb potential
# W_ijkl = [ij|kl] = < ik|W(r1,r2)|jl> 
# omega =      0.00000     0.00000
#  I   J   K   L          RE(W_IJKL)          IM(W_IJKL)
   1   1   1   1        1.1917042856        0.0000000000
   2   1   1   1        0.0014461039        0.0000057519
   1   2   1   1        0.0014461041       -0.0000056915
   2   2   1   1        0.3430031879       -0.0000000000
   1   1   2   1        0.0014461039       -0.0000057519
   2   1   2   1        0.0021351721       -0.0000000000
   1   2   2   1        0.0021351053       -0.0000168960
   2   2   2   1        0.0014461039       -0.0000057519
   1   1   1   2        0.0014461041        0.0000056915
   2   1   1   2        0.0021351053        0.0000168960
   1   2   1   2        0.0021351721        0.0000000000
   2   2   1   2        0.0014461041        0.0000056915
   1   1   2   2        0.3430031879        0.0000000000
   2   1   2   2        0.0014461039        0.0000057519
   1   2   2   2        0.0014461041       -0.0000056915
   2   2   2   2        1.1917042856       -0.0000000000
