# File generated by VASP contains Coulomb matrix elements
# V_ijkl = [ij|kl] = < ik|jl> = \int \phi*_i(r1) \phi_j(r1) \phi*_k(r2) \phi_l(r2) / |r1-r2|
#  I   J   K   L          RE(V_IJKL)          IM(V_IJKL)
   1   1   1   1        5.7873574457        0.0000000000
   2   1   1   1        0.0102925411        0.0000407238
   1   2   1   1        0.0102925411       -0.0000407238
   2   2   1   1        2.2367060739        0.0000000000
   1   1   2   1        0.0102925411       -0.0000407238
   2   1   2   1        0.0044594903       -0.0000000000
   1   2   2   1        0.0044593507       -0.0000352887
   2   2   2   1        0.0102925411       -0.0000407240
   1   1   1   2        0.0102925411        0.0000407238
   2   1   1   2        0.0044593507        0.0000352887
   1   2   1   2        0.0044594903        0.0000000000
   2   2   1   2        0.0102925411        0.0000407240
   1   1   2   2        2.2367060739       -0.0000000000
   2   1   2   2        0.0102925411        0.0000407240
   1   2   2   2        0.0102925411       -0.0000407240
   2   2   2   2        5.7873574456        0.0000000000
