# File generated by VASP contains (un)screened Coulomb potential
# W_ijkl = [ij|kl] = < ik|W(r1,r2)|jl> 
# omega =      0.00000     0.00000
#  I   J   K   L          RE(W_IJKL)          IM(W_IJKL)
   1   1   1   1        1.4010519063       -0.0000000000
   2   1   1   1        0.0003881331       -0.0000002885
   1   2   1   1        0.0003881331        0.0000003056
   2   2   1   1        0.3367708485        0.0000000000
   1   1   2   1        0.0003881331        0.0000002885
   2   1   2   1        0.0003523643       -0.0000000000
   1   2   2   1        0.0003523639        0.0000005392
   2   2   2   1        0.0003881331        0.0000002884
   1   1   1   2        0.0003881331       -0.0000003056
   2   1   1   2        0.0003523639       -0.0000005392
   1   2   1   2        0.0003523643        0.0000000000
   2   2   1   2        0.0003881331       -0.0000003055
   1   1   2   2        0.3367708485       -0.0000000000
   2   1   2   2        0.0003881331       -0.0000002884
   1   2   2   2        0.0003881331        0.0000003055
   2   2   2   2        1.4010519063        0.0000000000
