# File generated by VASP contains Coulomb matrix elements
# V_ijkl = [ij|kl] = < ik|jl> = \int \phi*_i(r1) \phi_j(r1) \phi*_k(r2) \phi_l(r2) / |r1-r2|
#  I   J   K   L          RE(V_IJKL)          IM(V_IJKL)
   1   1   1   1        6.0887253043       -0.0000000000
   2   1   1   1        0.0020557678       -0.0000015731
   1   2   1   1        0.0020557678        0.0000015731
   2   2   1   1        1.9929395603       -0.0000000000
   1   1   2   1        0.0020557678        0.0000015731
   2   1   2   1        0.0005364528       -0.0000000000
   1   2   2   1        0.0005364522        0.0000008210
   2   2   2   1        0.0020557678        0.0000015729
   1   1   1   2        0.0020557678       -0.0000015731
   2   1   1   2        0.0005364522       -0.0000008210
   1   2   1   2        0.0005364528        0.0000000000
   2   2   1   2        0.0020557678       -0.0000015729
   1   1   2   2        1.9929395603        0.0000000000
   2   1   2   2        0.0020557678       -0.0000015729
   1   2   2   2        0.0020557678        0.0000015729
   2   2   2   2        6.0887253042       -0.0000000000
