# File generated by VASP contains (un)screened Coulomb potential
# W_ijkl = [ij|kl] = < ik|W(r1,r2)|jl> 
# omega =      0.00000     0.00000
#  I   J   K   L          RE(W_IJKL)          IM(W_IJKL)
   1   1   1   1        1.8745223390       -0.0000000000
   2   1   1   1        0.0019013827        0.0000001363
   1   2   1   1        0.0019013827        0.0000001364
   2   2   1   1        0.7477660863       -0.0000000000
   1   1   2   1        0.0019013827       -0.0000001363
   2   1   2   1        0.0015381429       -0.0000000000
   1   2   2   1        0.0015381429       -0.0000000000
   2   2   2   1        0.0019013827       -0.0000001363
   1   1   1   2        0.0019013827       -0.0000001364
   2   1   1   2        0.0015381429        0.0000000000
   1   2   1   2        0.0015381429        0.0000000000
   2   2   1   2        0.0019013827       -0.0000001363
   1   1   2   2        0.7477660863        0.0000000000
   2   1   2   2        0.0019013827        0.0000001363
   1   2   2   2        0.0019013827        0.0000001363
   2   2   2   2        1.8745223390        0.0000000000
