# File generated by VASP contains Coulomb matrix elements
# V_ijkl = [ij|kl] = < ik|jl> = \int \phi*_i(r1) \phi_j(r1) \phi*_k(r2) \phi_l(r2) / |r1-r2|
#  I   J   K   L          RE(V_IJKL)          IM(V_IJKL)
   1   1   1   1        6.1499825298        0.0000000000
   2   1   1   1        0.0086503115       -0.0000000001
   1   2   1   1        0.0086503115        0.0000000001
   2   2   1   1        2.3896027855       -0.0000000000
   1   1   2   1        0.0086503115        0.0000000001
   2   1   2   1        0.0029806346       -0.0000000000
   1   2   2   1        0.0029806346       -0.0000000000
   2   2   2   1        0.0086503115       -0.0000000000
   1   1   1   2        0.0086503115       -0.0000000001
   2   1   1   2        0.0029806346        0.0000000000
   1   2   1   2        0.0029806346        0.0000000000
   2   2   1   2        0.0086503115        0.0000000000
   1   1   2   2        2.3896027855        0.0000000000
   2   1   2   2        0.0086503115        0.0000000000
   1   2   2   2        0.0086503115       -0.0000000000
   2   2   2   2        6.1499825300        0.0000000000
