# File generated by VASP contains (un)screened Coulomb potential
# W_ijkl = [ij|kl] = < ik|W(r1,r2)|jl> 
# omega =      0.00000     0.00000
#  I   J   K   L          RE(W_IJKL)          IM(W_IJKL)
   1   1   1   1        0.7869471240       -0.0000000000
   2   1   1   1        0.0035299798       -0.0000000816
   1   2   1   1        0.0035299798       -0.0000000819
   2   2   1   1        0.2585001907        0.0000000000
   1   1   2   1        0.0035299798        0.0000000816
   2   1   2   1        0.0029760483        0.0000000000
   1   2   2   1        0.0029760483       -0.0000000000
   2   2   2   1        0.0035299798        0.0000000819
   1   1   1   2        0.0035299798        0.0000000819
   2   1   1   2        0.0029760483        0.0000000000
   1   2   1   2        0.0029760483       -0.0000000000
   2   2   1   2        0.0035299798        0.0000000816
   1   1   2   2        0.2585001907       -0.0000000000
   2   1   2   2        0.0035299798       -0.0000000819
   1   2   2   2        0.0035299798       -0.0000000816
   2   2   2   2        0.7869471240        0.0000000000
